10000
82897
69366
07921
97426
73708
14692
23443
33147
38691
82631
28074
86599
66355
30777
55207
85721
40159
95348
87919
10334
01082
29724
95753
10776
78130
76890
83512
06848
55966
47507
10294
10394
22466
06688
76386
72210
55942
11687
52463
64225
53380
02009
34433
97862
77436
06498
08710
55604
48878
33109
16332
62913
66187
80865
19876
66481
40886
16296
82071
82737
72221
34104
63553
37165
61285
56926
01659
24047
27376
05810
04361
40252
63166
66208
07236
27756
26661
36446
26940
33763
69766
64564
14745
21857
13097
48499
45821
16230
25323
75876
43813
02398
32532
14929
57792
51160
02842
23287
46083
91337
86579
48330
96921
77176
81648
54421
33417
14618
74182
75984
51090
00922
53145
85153
37218
99737
83768
50337
78553
40050
95519
68592
18320
03765
96159
13720
09926
35647
38163
90767
63442
91531
99515
64663
69820
55416
18401
66786
72108
73350
36613
20969
87436
71235
11051
73767
53997
74587
96012
42956
68846
34605
19772
43991
84601
80453
24822
87168
06633
76746
33859
71095
44462
69379
47386
57108
57733
54625
69357
52725
10587
64147
14077
39854
82380
80904
64959
47789
37332
28642
84712
48843
16361
95452
91661
07793
36159
76794
44066
16569
46473
82057
62524
53184
77262
03410
65583
41493
73908
73727
71366
89553
47699
51248
21305
78418
15311
01399
37961
12141
85161
63554
56648
55480
88119
89421
57123
44482
70041
32760
20070
16842
55306
83220
94344
07015
05513
99129
72514
02028
17852
35251
91028
81648
64956
59557
07471
54768
73894
84920
05427
36181
32850
15897
83928
42252
66684
66566
20436
57238
65079
97039
79686
23961
11273
73737
84708
33901
14543
13316
15915
24701
57402
56165
41468
74851
69822
63394
30183
00708
56445
63670
76576
65946
19161
57077
52064
02897
20629
55787
19738
61800
39537
08913
61672
96601
53149
39741
07740
64839
14648
44565
02783
33839
63624
16009
06782
43545
13392
73727
87955
99187
39249
87951
59814
80142
66182
30190
28131
63795
64843
55088
76585
36192
30477
49000
90869
38699
69231
22530
92250
04066
67909
65049
38313
73514
16899
15900
84178
85317
51713
17664
15300
11360
98765
29244
32872
40894
01683
61203
55438
37004
68832
21693
45739
79644
28527
72468
01795
72567
07251
20943
76373
96923
53070
24685
16781
13703
40684
17454
07119
24442
71893
11386
42936
38100
33309
69044
01895
91671
86634
28856
89517
06348
49637
64258
95929
61026
55853
37976
92840
08794
51713
93331
58431
29445
94709
65085
05581
38233
60227
97078
00028
51041
57775
60935
82407
94998
64058
77509
35110
16326
77824
69812
05570
80836
95577
11114
36428
36789
79416
83846
02399
90862
61972
85929
13973
55408
86312
42062
40533
52854
17107
12724
92187
88529
38660
44289
38530
61129
79161
38499
11597
62186
87226
41566
43333
79779
95090
63689
45700
43065
62733
33255
10960
93046
29555
38614
83745
97383
91870
68054
33481
26108
07495
24499
99834
86040
22316
81530
30669
43754
62666
30931
76276
97258
97286
27362
12659
60250
66485
13630
67611
02300
43493
03768
20523
58754
20580
77684
21193
18737
20132
68983
83914
35024
69327
69253
24350
20307
28795
04954
39505
53562
30509
71256
49137
66047
33513
26916
77456
72419
10320
40544
63682
80608
56702
33268
64199
88899
22400
17470
35880
98975
25424
44689
74645
67339
36463
56320
37545
22284
52678
03983
42236
84020
29359
84938
18735
66527
78942
31952
07972
18873
37100
30111
42073
94100
90623
75766
87088
09552
22466
76227
03264
24326
65517
00168
47446
31367
87718
35330
62767
15734
53850
11209
82144
83492
10429
67384
63301
69805
70777
99300
39012
42005
66050
41587
75492
28872
80092
80984
05644
85515
29932
58979
15254
89057
61330
36468
42057
71534
81747
02413
02218
10421
11648
43512
90486
12793
48864
46636
79938
16748
71759
51847
31899
05116
10494
31191
77356
49567
60562
28681
07830
92117
83667
66495
01180
21443
57493
33428
74282
02521
32485
60868
57841
85751
04569
44544
91534
28540
93875
22262
62204
09227
83774
12338
50605
54325
81071
67806
82257
64235
56368
59938
32971
60742
40722
58619
84176
62416
27895
59190
82158
77506
45061
15272
31176
43643
04463
02712
38619
91812
29502
71482
45908
17733
38049
85499
32048
81413
20254
60382
73108
69323
79954
24313
73733
89167
64663
26429
77535
71699
12046
82621
16398
76332
82835
49607
10789
77057
14102
41044
91579
54052
53145
18668
05412
95237
16493
02195
13676
30819
27803
35168
45805
90964
08151
32525
29906
25788
65875
21665
59159
07476
57761
25412
48161
72702
95729
17342
77096
41714
14231
03005
95252
86561
04665
33782
23750
05942
92154
15986
14673
66203
62840
47132
31898
07035
29719
07228
99941
70520
46354
11196
74026
41059
50827
99877
43006
82051
52568
82509
22003
84204
75365
97008
66587
37102
94031
58854
40983
58817
58891
08896
70889
74266
39966
75252
66460
04317
11057
05128
66828
52288
06515
33906
63715
80753
32486
64718
55230
16524
97613
36266
44367
88606
37284
32182
07602
34813
86125
30363
08399
28507
75173
84585
34086
38795
80296
54504
49555
25117
00362
95113
97361
98679
65587
29562
67208
68333
57009
08816
09676
96281
04384
01333
51341
00106
17807
83614
60203
59321
88602
95899
78440
80184
42468
75435
57990
97363
37383
25434
87333
12830
68090
79071
94824
27798
40274
25910
55329
75994
45560
94800
36557
01279
19076
17306
82440
55378
05305
82024
45849
83251
64059
73673
98466
25215
51287
21555
95469
64545
76068
39234
25449
07218
07738
81321
24826
32408
59813
36485
94175
14607
38030
86598
83750
53520
20174
00053
54970
41570
37794
52059
00184
03968
50568
51980
66744
18913
82979
55571
70475
94536
94335
84492
00295
10664
29215
81161
51480
51156
20713
54909
68348
72854
74672
16401
65663
52799
72808
75229
46979
63606
68649
33387
90322
05229
98716
94838
57385
21311
44406
86114
35790
47979
79268
08779
62521
59737
44765
08984
61001
14680
37328
21276
42291
15562
13948
22523
51184
90068
81865
61838
85142
27601
43947
27349
91624
58181
22962
00837
64825
54656
14386
14969
32264
77800
48470
70273
90336
70902
50591
71409
76324
08577
74690
90307
76530
42970
96113
79210
08582
80082
78077
62875
50525
34892
36608
33705
56318
21247
32348
63828
06662
95031
04054
41770
38752
31114
80058
28610
65626
89334
80788
34524
52490
32712
34477
47361
49493
30006
53268
43260
39923
54990
66229
54941
58154
81457
40917
43056
34579
40504
50302
77372
48746
54669
05475
72865
08589
68247
25862
34426
44894
33386
36986
79779
62112
75052
51923
74830
05953
87884
85749
54423
86679
33672
33076
34280
57672
52443
85602
55306
35437
28331
55823
58243
54928
45986
35356
07464
59168
35094
35433
61843
48735
15769
77905
12868
31737
66654
86252
22169
83306
40905
15389
02037
02833
92315
45064
46222
54122
78644
55928
09976
69386
90218
55068
09622
10825
65597
28435
54881
64139
70151
95372
71337
96994
50773
58612
34713
82662
51213
44672
54160
02563
37286
09003
05200
56993
04373
11776
60047
08914
58490
20744
98706
07783
06622
99570
23085
65117
37529
40388
23781
55260
12546
56125
47734
87251
86113
55688
55445
91709
54254
87439
04337
83062
81141
29005
10374
33236
49999
40010
55133
24463
28017
88722
49485
96430
48720
94631
16806
07356
50763
49693
65619
61698
69857
72299
01835
89081
51717
68386
93380
39552
32699
59065
90298
79401
15686
65392
28794
20200
25989
92103
39081
11462
31259
85477
32585
88578
95945
57592
38159
59504
20150
21296
91401
80476
00455
40769
81157
05405
08436
56601
63761
65488
48615
96361
70315
24517
93536
61296
62594
70701
74958
02448
76955
66700
74965
43081
65803
41785
08292
19392
97924
90940
35951
04977
75472
06927
02956
54923
62572
06157
26680
24197
86330
84585
70654
78966
20564
03368
94889
18398
30065
54028
02467
20516
79553
34361
97161
26989
18813
26019
68690
66811
92413
29772
00903
30106
23382
98187
09738
28878
12839
87075
23868
68042
26700
19019
10392
08421
74797
64068
65166
83887
58784
88853
81353
28689
59879
83646
31370
39800
32107
41581
23186
95412
06216
55656
04340
08317
21927
47396
38032
06980
57644
15562
76737
65051
01511
27023
29638
04196
24908
37268
30052
58695
71357
61106
98489
56837
14281
04873
86425
46593
02555
67995
19522
11893
93592
52585
76999
74292
48383
29658
59032
40526
00433
55466
24341
87013
98422
63097
51335
75076
47615
61266
27412
06237
61732
55286
60257
54878
50087
06904
83694
72048
60573
81611
04749
42869
65899
65106
94636
96501
92496
80677
15039
48905
26000
40649
83015
68050
79883
99020
92326
29137
20143
09392
28545
47679
20844
27611
58502
28260
51593
60590
61747
10023
12674
42024
63142
53397
58466
46425
25888
50090
59941
15283
23852
72195
15305
90888
44071
10845
68621
12778
90854
07026
20936
65859
16669
23820
01682
85703
32550
17499
17509
45793
04048
50352
54411
01062
04506
78355
79246
84202
08203
32705
34952
45324
39433
63865
77345
04870
66384
83813
57192
31225
44887
81692
99908
41393
49201
74915
26404
93837
66810
15557
81847
60807
81499
14809
42826
04355
73396
21880
12047
85947
45376
86259
34148
32767
90664
77631
34488
28328
17020
49050
51075
91912
19390
31079
14819
40551
19547
81924
64871
91884
59418
69570
16384
28341
86513
21750
25618
02228
13721
03570
99753
04726
73588
14529
91222
61065
29054
51934
32931
19435
18720
66937
25000
75341
17954
56660
69763
82465
93348
34224
09661
06738
96749
92208
82264
34635
32237
59840
04387
03314
16154
28292
69296
98623
20203
81312
75446
14980
50443
44445
42359
11108
68409
63290
55046
62799
71605
66057
56011
34999
79882
20656
09958
14169
56782
18970
07088
21933
38373
49008
45953
02805
67743
75975
29270
73884
10532
65070
13480
53524
34276
96560
13458
13148
17463
68920
81354
29552
26705
36425
20888
94508
12072
87876
69200
09999
24281
69059
36689
99980
22022
95347
66132
65163
37601
94907
37618
20147
52379
20443
53810
10520
72978
19680
43802
98306
93758
96456
11219
90680
24207
74787
51850
26822
43609
86403
69123
33608
88702
19760
75969
21936
73942
54345
08050
43112
94632
52867
53588
59974
18013
89186
87846
31608
40944
09318
56861
36109
85675
64074
24106
48268
42026
09675
01568
33314
08299
85620
27267
17396
08204
54337
20066
02760
66673
32338
43926
57478
81917
21666
28432
25267
48130
22470
49935
71870
39421
74592
66461
46253
64826
96919
94381
05252
52222
19908
76842
54082
88606
74243
14857
81621
83113
49130
28281
51602
64920
61895
49362
05001
51328
43600
82346
42453
12099
17987
24880
40315
95402
73763
54953
80670
01110
36186
25011
20770
81237
16807
51688
05438
60351
67613
99539
91589
10470
56970
49600
13164
83418
77115
21823
98987
81278
28033
71300
55351
63993
24068
33689
67433
39302
88194
35812
19846
48024
17977
54806
75768
02038
85316
17210
84077
35752
76180
68628
33810
17146
18308
63202
99309
45105
81233
65114
46669
05476
30795
89320
11483
46685
28080
10035
93882
28940
47983
69864
05544
97521
50374
61842
49963
83811
35445
10992
82031
21240
50099
27447
30574
17446
61374
79371
30221
67746
53320
52871
22778
11526
12753
57054
11085
15714
97831
07612
10143
46876
00867
18632
23176
04190
07959
81387
61882
59433
52617
22028
85968
42064
97655
74458
54484
07763
80295
28126
30022
14267
16870
34252
36453
22729
95409
88994
92594
03684
99432
04040
14492
46495
95803
66438
18772
24090
87259
59525
85027
95917
69839
65139
62635
83265
51952
91373
14909
09394
09008
70207
20005
50006
97585
77573
91172
07673
27325
38566
92962
97876
45660
10631
67064
54097
40997
61974
59721
49458
80508
96362
96708
59180
72866
98115
04164
07092
51561
65203
92431
21298
35759
81350
98397
52708
56786
26316
44798
23523
03444
21713
00031
91500
89193
62367
01983
67070
67409
30508
55274
13979
92216
42790
16267
69607
14815
39929
30163
57056
41177
59469
61394
24482
86649
53337
31456
03988
62890
25487
58753
34471
19645
93797
12797
78646
39984
94365
73011
20371
36366
28703
76369
88545
13750
03545
86845
90796
69352
02450
67517
31942
33796
27957
14753
51100
59323
60091
51398
53661
38467
94344
34439
30326
89730
23480
97079
74609
77480
98445
52043
67207
77647
31933
35786
41481
97037
55667
46261
99646
64555
18194
50326
81515
95958
91006
10754
33983
02753
07880
64775
97456
43177
84054
22453
37087
65133
63292
31912
52120
83443
42814
14517
59908
37459
97221
94622
54234
60505
12097
01103
95339
46223
48301
84555
91223
74090
49906
06251
31876
10284
67865
94585
74465
60491
40373
61773
55961
03917
47633
25336
07524
84431
14619
18106
99800
86512
27129
01225
25229
06970
72733
18323
67222
39963
02395
19298
31073
90969
76009
91818
45284
55829
82423
94745
88494
43633
59573
71859
50229
51584
48429
12351
41068
58909
29442
92156
35020
66576
95538
81349
74811
50723
55109
91249
33209
42482
66134
94317
55106
11034
07021
64316
19124
21872
16576
72936
57862
47087
41880
45487
61103
54336
34950
74777
65672
12736
62543
42869
96244
25741
07148
53726
68025
32703
67907
28516
59149
35220
81421
00131
25421
22896
56686
33212
96505
82821
78638
30488
02039
30391
16798
21100
57736
86391
58493
56097
18052
88013
91332
78192
37835
37415
16147
88607
76028
45107
22951
40354
08187
05165
61470
68426
45265
37851
09410
37654
27350
18137
22873
52113
28214
78412
42765
08231
49098
90618
25122
10016
22543
37040
68955
47061
48352
76690
00833
47119
29881
20438
21892
41481
95108
34137
04152
99507
95929
22149
98863
85056
78347
49759
06241
53831
56092
77677
17753
31854
75084
73504
26763
31204
67577
17475
16841
13838
35728
74936
36942
74736
85295
95600
47207
40188
54359
21562
89685
12506
24802
67153
54145
00350
20001
37220
71702
80099
13854
87293
42475
01149
34162
69603
39288
15323
04707
04344
13921
77276
11628
24665
54343
91326
32012
70967
53842
84558
34778
57984
20062
90667
73520
26380
83111
97385
30779
81739
05000
58458
77217
88326
11475
45028
06769
78309
60793
03977
56980
56706
69175
65601
31465
84765
72158
70127
75283
22628
17348
10891
02708
49102
61527
67335
79232
61560
43905
89220
38816
15810
92958
20208
80839
66778
22054
21430
54692
12390
33426
56153
46716
70227
63384
22111
34772
56483
55064
12050
01109
48396
93239
83963
72505
72485
99738
50468
92798
72996
77280
65719
39951
97929
93596
96755
21789
27892
41789
76141
25255
27609
52821
81241
55577
08605
55646
57911
83913
86354
21741
51478
58391
96420
58267
56359
95849
66124
18166
05406
20826
90049
50171
15798
52371
55305
91076
06057
11385
38193
33076
59225
55109
56640
55098
91741
55932
35133
38685
49133
96301
06347
48536
57381
75294
97630
06030
46003
00529
24941
60573
92866
58011
59677
66764
52285
77251
83405
14636
21171
68651
01843
44369
05413
51304
19003
52255
46694
78419
46833
28481
69004
01199
40528
57135
62387
77282
59818
81002
88257
19424
68836
80038
60864
23158
01575
67159
66319
41744
23485
76116
99573
15868
21717
60002
15104
15763
62473
34899
01313
21863
21652
05966
36208
93208
16885
55194
18172
06742
22618
16947
56667
04652
94092
59438
62638
47209
40892
83247
95070
11821
51016
13972
75303
73517
71780
92781
42118
92528
09236
78382
10514
55887
64155
08817
99343
31957
96117
08608
68568
07552
50640
94585
95130
98341
14340
71133
23155
51102
62514
04401
78400
41052
27005
55780
32960
50915
94446
95667
17749
91706
24751
96363
52377
94131
49764
45464
42450
53877
26361
68557
50314
53841
03698
27075
81202
75992
60301
80728
46295
38988
33269
42297
26652
09362
26128
25267
63619
83611
57512
33292
35870
48532
31453
24525
33572
53963
52996
28232
50433
14183
31968
49980
81493
20763
91816
11371
14491
33289
70902
34268
09879
38621
75086
35036
21866
12182
90405
14979
21652
99385
02851
68134
05711
22587
04972
21077
36417
97033
28334
80954
83099
75261
71274
47532
66797
39707
74492
12947
85761
90447
58101
40780
68461
84682
92342
41768
79931
55999
66897
44805
78807
72465
10771
81455
51482
00758
73025
91136
60534
28249
14199
05718
33538
68764
27341
57669
80046
99044
93474
44929
95158
55558
56192
88529
37219
39827
67886
82515
85681
65390
81524
83224
81145
76818
22966
88303
62699
12547
58799
84712
81291
05140
78613
87574
77338
66532
12089
86178
02457
52193
30927
18419
86717
66052
68132
40631
43864
95992
00537
22095
99850
92428
30084
76472
94156
92376
44873
43844
15877
67007
12205
15548
50652
61668
25244
83520
14860
20684
33344
78748
03826
26837
66030
01859
96249
84599
87050
25949
73364
25967
08661
06546
06781
82236
00057
97543
46558
25868
85830
49688
35867
02054
91211
98044
85063
62010
99029
27256
16988
36506
07190
29498
86023
94182
34412
55421
38059
64315
91862
67615
08850
22746
26614
09874
00792
03604
09702
66687
11563
36265
05423
20437
69799
47733
02853
11919
23812
35722
94225
10249
57966
22683
36447
59305
32481
47831
60733
00906
94875
92355
62995
59111
97480
42568
36389
19070
31358
75257
98703
04814
96092
72554
84780
62611
04931
96542
44886
77225
16260
05088
02086
12061
60761
87076
75445
61095
17928
46043
80501
59851
21193
81922
48619
29059
26510
88118
60981
96924
44629
64617
02121
27469
36148
95868
18458
82289
45931
32452
63239
08067
61724
12501
97157
99741
63377
72705
88456
22773
06439
31117
01713
64488
02568
48361
77075
19547
43971
32187
31596
15833
26253
24268
05555
61682
74897
89169
68285
54767
20748
32050
91159
29324
45858
18812
47909
68141
55978
44763
60649
50151
77492
29021
08452
03442
16982
09580
85142
50107
81477
23367
66089
20962
49233
49699
10508
35397
19843
99198
26860
72555
04226
43782
37376
86790
69676
84361
23444
49564
31169
34974
85921
67926
62083
77981
93582
71149
02823
17326
72540
88031
64604
70567
81489
73861
87567
33349
13020
84831
57634
64693
91940
71737
92703
59149
09426
25538
40085
27974
05329
95934
74522
70973
90709
79348
28057
31541
25036
64867
33862
31066
77782
84863
81713
47586
57568
73384
47189
04050
78527
74078
87895
62170
36875
44629
71425
36459
92377
83888
94437
46608
90245
64429
81794
44600
40899
99201
42080
54089
14783
60480
48973
35035
50987
98306
33284
01703
56375
08888
41126
60314
23599
43204
20372
56536
25434
03583
37480
52987
06039
00099
70064
45575
35570
70284
69169
35690
83942
81021
34326
56800
44475
30110
07879
30316
51300
94696
71281
12811
42247
14836
92477
17128
35898
13355
91035
67736
49788
54939
24609
84885
72736
05117
08583
68290
24505
90483
75789
16654
92680
75841
52890
24868
67337
52064
87454
19181
84479
41646
20653
87686
75560
80046
67034
82414
02492
68608
09301
95405
95773
35760
52369
08188
60350
02687
91084
09600
07967
46747
73957
03446
91049
88609
15142
82356
27678
31018
23456
20677
77000
27601
33242
01129
93362
22857
29433
58083
81929
61861
43504
75880
36464
27206
61381
24893
08183
87796
63547
72504
97788
34384
52205
67828
76151
20713
67790
63130
70992
29497
96960
71432
36172
76971
69359
30938
06282
93965
19430
26791
24797
49644
90055
32255
07128
18000
08801
67709
32047
71798
17969
93173
53118
63251
76132
89935
28951
18418
23523
42168
68424
86372
05382
63555
05462
45340
08350
15654
01477
45506
63397
86196
40256
08268
37157
36326
64189
30628
41543
87605
63115
16307
52364
34896
51700
71322
53946
69863
47953
20540
12372
53111
78345
23407
05227
11716
86566
10009
33135
89805
38918
78604
54275
84020
99445
18319
35521
63530
88714
26855
43937
33305
69902
24254
84565
53098
82343
08871
26899
96731
65781
72175
21623
85950
60929
24086
95341
55456
46137
83315
93075
02722
28000
95095
64573
81745
75717
94835
78209
02311
33868
18811
27652
62156
83721
27773
04046
42685
98940
75894
56808
23388
92970
01697
91562
69787
27141
44111
65736
64254
93880
99226
77686
03898
50895
86981
28197
80682
77965
80470
17131
62702
09189
61239
50997
64030
02054
10363
62529
90452
45100
32831
23299
62686
14337
93508
91823
62504
08295
25644
54057
77899
98645
05685
50863
59151
68971
71216
12871
13070
60507
48208
17447
88542
36743
32829
39144
60847
64765
12744
81637
14706
95617
44317
77552
89247
90816
21832
66846
42322
83226
85584
48146
15482
72045
39034
37668
18982
42129
01740
11769
13287
48439
37588
85295
53262
22589
66702
03481
69340
67293
85367
17290
37958
12983
56892
31383
55987
06521
05857
42415
33583
54129
63161
20167
36281
83433
47959
01763
70201
68606
01782
26388
37274
14506
23819
50431
63061
47032
33646
91374
60344
23789
01474
73322
07557
76523
13403
01575
65148
89263
85086
86014
94320
84488
85004
98050
02253
61885
61078
24015
96189
64106
73984
76599
67281
84623
90585
87055
60801
87265
33082
31182
85452
04462
89969
60608
71328
41006
61282
42431
04611
51566
24927
21062
10142
50660
43459
39528
93015
81368
99983
91760
93076
43488
35105
54355
56994
46088
13595
75508
61655
50720
42372
98202
12215
06632
25505
15252
47424
93230
29196
31969
17436
61696
98428
42582
71650
72211
38147
90190
17196
58195
25534
22542
94263
72555
45590
64909
13222
04330
71583
42851
49921
91821
35064
42150
86749
49437
17596
29316
41820
27024
92793
89407
06120
25083
58655
26033
82829
01836
50296
97478
80651
90264
79292
34304
36995
31905
27187
07844
78900
76194
94413
81306
12582
32952
57656
39504
66926
62887
84837
55403
85265
73795
16119
67118
49747
81200
66268
38287
74513
93474
55769
57464
11157
30529
11907
71524
01847
07183
40152
56557
80778
52356
76711
50101
23840
60665
45238
78696
83547
37292
50132
77962
72877
77137
39419
96530
69581
78268
28867
81731
73729
92619
46424
48054
43733
12101
31408
60650
41548
68928
49270
84585
41071
66769
73557
79543
09414
86830
69597
96202
61178
62284
81482
46967
24977
75252
92167
99717
15187
36275
39794
30677
38677
08820
57186
63705
57636
46851
97200
68155
07373
28394
18952
81485
62205
32516
13552
31728
16345
73977
16254
27899
20522
09787
46889
26320
69184
11889
19336
86232
09902
02848
71675
44691
50354
53074
57705
02612
95449
96482
48851
49237
38415
51843
77216
13197
76978
50109
29090
21138
53247
88204
58099
83988
56708
96199
44723
09109
86917
23921
10990
18051
04384
56706
78630
93572
65516
57209
66758
40617
91716
80946
69251
80579
98058
74610
94699
38941
29369
01075
78136
09490
85183
65143
79945
39493
17521
91640
02654
98000
26065
51873
00680
87016
39381
97151
16624
14248
36408
80022
34065
40380
18516
40785
54576
59769
42309
67154
76567
42696
80491
53145
24632
11528
48901
91826
76228
51890
91714
58365
93150
16781
35359
68832
76304
75290
28338
29288
22763
52595
18913
81034
72536
93917
99400
32495
63940
95137
27381
21132
78116
50688
85473
76097
09857
70102
40828
53451
47092
98724
09167
45125
94970
62484
78174
16124
35916
19572
32949
76747
51803
48431
97092
54561
06419
34303
09343
49438
13788
82468
79731
70345
48916
42291
73550
66939
56875
54539
42584
49190
60819
52155
36463
95475
42188
95067
62406
37535
39012
98032
43863
38501
25714
99019
81196
38633
95550
25646
48442
49236
26574
51066
68676
23271
22435
37984
21298
99006
93952
40301
79098
06308
25199
57739
77636
84827
22561
49072
59768
14682
94760
92552
28291
01899
34594
10356
51041
22819
09137
55832
26460
65907
72842
27898
13449
68290
82293
72449
86531
74873
26275
18953
92965
80734
63059
41261
14734
74259
97675
93033
79409
06544
12769
19576
46190
36021
28031
50168
96790
64152
52044
31892
93468
20071
65569
98584
14257
25351
47235
94531
58242
60367
48835
52037
48638
71200
65829
70425
82364
67892
55621
66955
67598
52243
03791
48448
41119
16088
58981
09869
93843
72547
65750
02929
87052
88994
02763
37530
45818
11175
39665
32268
45741
15793
65078
05157
77004
15241
75218
09658
29695
71085
70465
65077
40858
65774
63453
49183
80897
67091
51689
50339
57418
99577
68129
20385
80031
29534
16330
06737
00469
79582
30696
15548
65695
70145
60895
28892
35139
45318
97297
33134
48696
00867
50407
01565
05900
73740
56039
91168
56439
48842
85909
02757
26926
82802
33163
39986
62857
40083
09098
46917
08882
89983
05187
30054
40513
69615
19380
99818
47670
01395
55148
56113
74322
40980
84719
59821
01229
90901
74642
79271
91929
49623
94003
12323
38428
29504
01438
13054
15237
26849
17846
21068
98861
22129
85286
52916
38496
80854
80057
16836
40489
42467
16541
23414
27987
62874
93892
40042
10571
73124
61456
94110
74930
34965
60475
57187
30260
15632
48048
54099
79359
13407
98634
72519
38849
04600
92267
34268
30801
63597
32252
90672
46947
63724
41038
88545
28093
30361
65820
21880
76871
90342
14309
65307
18383
23173
40945
02535
11922
60781
36689
05911
37346
88232
63052
16484
44761
35679
02021
78523
97926
98882
81849
29720
66962
64385
64737
71960
87503
74821
76238
69119
04529
88479
10374
09037
19343
82288
76915
06687
47387
24017
54633
02470
56801
09022
89041
48703
34735
86229
69675
35425
96592
05926
91548
58889
59603
50811
39528
63962
31681
35956
08099
76994
13706
74090
60997
73761
30863
96463
00873
23970
59807
61111
20306
96274
15696
12864
33713
49337
20157
72178
59269
32912
83617
89460
03423
88127
85699
26648
76417
65621
97768
51502
14501
01875
93816
80720
58479
31389
91154
35580
37169
42451
24419
29896
47317
19273
42740
17945
42232
38988
61642
40034
08754
92833
85258
94538
09654
96028
01088
75331
03991
99873
53437
86205
32018
91274
85416
04513
23518
50853
67439
50035
75712
19853
24207
62592
29938
95553
71109
74033
93098
68835
42898
49146
58112
28331
46925
19942
03280
59872
64961
34657
59294
58957
56721
78081
38896
49934
84599
49517
53969
19041
95952
26233
45174
19238
95811
36020
98210
29521
05662
43135
97855
21996
54520
47699
43703
34910
96745
17561
40059
99018
10316
07850
09494
80475
03283
60075
55587
82753
82907
67465
84616
59850
33152
67255
54854
68056
12360
26142
19112
80886
39021
36019
37053
32251
00203
70528
71231
45512
61877
00797
58563
41717
27750
97986
33131
35858
24123
26126
00356
79252
20421
17066
57729
49367
45595
45889
45817
35172
30733
70941
52708
34702
34907
84734
52522
98731
22032
95424
60538
11333
80851
04944
72472
69053
74385
34912
51029
18088
10536
32741
01892
37015
99635
81585
84306
16473
92322
18838
12397
41496
84746
73106
39452
11955
47785
59529
36639
98720
02576
46309
43920
17853
17242
85156
24620
56526
98376
20687
24478
22869
78052
01464
74067
30356
85048
70169
15983
03217
72643
54597
43854
56764
41761
94215
11507
14012
98349
65502
17016
57385
06636
29673
53479
49162
24236
79052
08433
58603
18332
37224
16894
68876
36005
43315
79200
71424
27818
02314
34981
77760
51813
32512
76315
95563
75025
91227
51586
35127
57596
48904
32483
32626
77971
54089
00545
44646
96194
73366
31853
00226
23934
31234
99172
71215
16924
94433
35263
23623
27620
03670
66390
33937
29503
07440
58377
60377
24224
88927
53327
57522
33714
78774
69362
22609
98026
57070
66489
91863
78046
85593
81099
03265
31697
94309
86332
75203
97944
64113
17978
61875
48491
61820
04701
07131
85533
45946
10162
00796
35869
18087
15821
01054
07366
53372
78083
92955
06103
48412
92541
40791
20883
32990
93385
33239
54869
30953
97913
70622
62073
81445
64567
94457
11690
33529
18372
44603
60406
33086
17457
21581
95817
88065
01942
10163
79320
61399
00614
58748
53819
25474
56730
63234
11448
96036
51780
54900
17861
95073
29962
61714
08455
56052
81862
01601
74252
11539
76062
31243
60224
41849
43794
36245
71795
86459
47932
85123
11641
57633
85885
29024
73320
71549
84931
55487
94046
96163
11326
05666
17159
00316
46295
20848
49983
64655
84712
33967
30033
62703
62429
89499
75416
85789
41587
32538
01542
07632
66381
17697
64994
26309
56202
89460
25618
62563
23684
18141
21942
02123
36002
36564
26388
53640
50286
90470
33384
87611
47559
71432
79870
87926
29809
27315
51086
87177
79346
62150
91235
23832
13407
11427
10444
52226
53532
14244
22780
86253
83533
11434
72899
66982
70378
98943
23830
09518
64020
82184
56704
98066
68456
00833
48671
48352
23075
38144
51597
95188
55181
53881
95401
68673
14282
87638
29400
62546
22437
13754
21163
09738
96073
51464
40571
73168
79389
90174
23460
03925
82510
19755
19312
15646
87068
24176
58940
29005
36663
15509
81664
72172
66472
39418
55748
16206
69080
82762
65921
02930
66297
61473
48015
29082
57538
17936
62311
69127
10533
51398
22307
26065
66960
22301
90964
18162
01001
42959
94552
26292
79056
66344
29184
26486
64509
77721
35737
85055
69562
35837
19118
48462
91280
42915
59755
48575
76199
64330
75691
43113
07553
52988
77837
67545
95561
29874
07700
05307
31081
81833
98688
61266
97608
58449
08214
14048
49737
85500
40057
87625
12292
01668
56605
60823
05702
95331
42557
52704
32602
21768
64637
80808
34247
62205
63899
56218
32731
15901
89508
54212
72394
80236
78857
91024
50308
86926
09156
97539
29176
67808
65913
20603
62806
45167
64663
56636
97029
14243
83515
63868
11974
33298
65802
22198
20638
82538
32795
04122
18282
22315
82174
12913
00870
02572
08362
53401
92208
13468
16031
47860
75477
70475
15450
07277
36456
54978
14351
45486
11359
34779
00440
62374
77747
67163
08607
85646
63618
79790
74278
18302
99802
35414
99103
63909
97635
50553
30425
25923
56088
12265
77242
72385
26571
11368
22179
40982
64356
73726
23034
75335
75979
41582
12422
31613
91991
31550
98755
29327
18829
85647
46504
24267
19449
00228
61647
02408
04687
47670
52878
24936
02354
12083
51964
74069
96026
55591
66845
96077
92510
80886
29731
93347
18464
34828
46419
39551
97614
42811
16525
48410
73353
27187
99046
29077
76387
06491
26279
65229
37941
35425
41194
40559
82268
52029
65611
81911
07060
67978
50704
24451
81356
38670
25113
04486
18656
02110
99749
47740
67093
65242
36111
28603
84878
36596
86735
87286
94486
56973
07138
75963
66833
23908
62075
39927
88693
17084
78935
11761
55572
85668
13497
96736
52709
47206
43591
14724
64810
64006
93335
61229
80422
87013
31902
55838
02165
39803
22286
94177
96438
58371
91990
90348
88727
08326
90334
65399
79869
66872
59520
98988
65163
11733
38942
58188
41372
76580
84301
95071
34592
57470
23537
59719
05468
05705
36969
64206
85191
45979
29932
00111
78700
71980
79675
12803
91903
17422
73640
98691
32125
65779
92672
01917
02933
84284
16090
99192
56829
95768
69366
41148
24768
93853
22182
10000
33637
62545
43323
03080
46874
45064
55125
32653
74492
97048
59413
26470
30525
13394
17788
28813
51121
51542
65210
22968
56005
58401
89233
54283
07557
09151
64102
76192
01648
37051
68984
43351
79132
47111
19927
10200
19569
88450
01400
28243
36838
51249
05366
63128
95033
11710
51057
88143
42118
11687
69220
49372
87871
60192
67121
03980
08630
91898
96149
97528
99753
56928
33562
08795
22645
40633
65686
89687
24462
18043
96727
29519
61496
49758
14549
47160
98951
56077
82301
84087
13526
32356
01467
28002
51395
51080
57066
65855
94154
77059
80864
07832
77827
71255
34023
28692
77468
68855
71727
14786
50087
36282
72511
66431
63090
74279
73477
23044
96722
55255
27419
05737
53839
01677
76397
69520
35857
13057
10265
80736
06145
96098
52212
86490
69245
11724
44680
13425
73630
81062
38667
23639
23298
04109
78414
03035
70686
25578
70188
19605
15538
89708
96234
30082
07466
43289
08002
46068
47379
50335
00184
98613
64837
74031
12952
29981
87265
89789
51032
27775
27232
66906
35285
56717
95727
14186
45829
93167
11096
35476
88861
09364
14376
84881
18345
41211
10627
97059
85329
75381
11509
39481
50991
93388
54383
34595
63981
76548
78900
38799
62397
98874
59284
49967
94565
97635
89668
87514
05467
81949
25205
43372
18932
77479
11043
75544
68244
36473
65749
35489
41111
19222
84676
98532
75530
71633
14253
98615
46015
03872
14284
23781
62906
68817
29915
22920
45318
65085
05998
94698
19792
12267
20949
52159
47819
15899
30099
25009
90867
90458
39410
30991
32530
14413
62688
52963
97706
40732
13578
97993
98212
84718
27861
99771
07019
83370
71917
93273
21667
62754
61959
97644
90565
51387
16283
27029
29782
79271
02078
01021
99768
34249
83879
53033
38024
27131
38400
06152
94895
22887
52531
92737
76550
78054
12260
20815
98863
06586
24510
25697
75647
85333
80058
68468
00716
72744
44365
74526
58446
99021
27425
74068
79121
32876
50128
51082
55378
65317
25933
18541
27283
12344
43558
34447
30508
91118
06008
09113
20328
79332
97850
78136
38479
17358
36904
66778
12342
38697
38566
92322
39567
15870
31975
37407
36577
03849
81023
09384
79828
44168
10385
66476
76814
50582
20561
84986
94651
92041
16173
92533
69193
39394
02357
42884
10050
98381
90623
23511
26133
01829
26879
38987
91534
38594
51632
97964
25224
61040
92578
16719
56277
98078
63024
92593
11097
21100
07752
52100
23850
67090
60388
51204
86217
43175
55327
63260
70199
72881
62843
82026
29978
43158
39406
63557
65237
84068
09725
50305
94405
24452
27017
65322
89716
90671
36552
82095
74660
04419
45861
09837
74454
05533
58283
90309
00519
03881
38232
96688
05900
60283
64657
39030
54352
40818
03786
80538
21645
45291
47172
31957
75842
50065
85089
71076
93534
71977
07601
25733
94642
77605
65001
90770
47629
28533
00734
85102
57458
35875
04194
19809
81986
29572
73238
70808
51366
76522
10851
22382
86393
53183
12485
93814
70411
37473
70426
53129
87890
47326
00822
15162
25661
72202
06428
76308
11681
70705
36727
43683
47570
17784
79462
10055
41791
11803
23172
21296
39919
17655
41591
46119
60384
48307
32340
45228
78043
53439
64659
65647
71817
65228
89496
55845
88796
44607
59526
25015
47811
95893
93634
95159
49248
33080
79276
91012
51755
61702
59740
54460
40874
51624
16503
20199
55075
24697
38225
88448
84843
12554
86266
20977
51184
09280
64359
15298
14196
22645
73846
67957
95413
55473
61205
60028
26157
44234
87975
73287
83641
57667
93742
42594
89215
74528
83661
99468
93271
33800
38424
59711
49805
80692
74166
37833
62129
41967
76854
75331
48544
18892
73250
40368
76996
89540
88436
92482
53886
38867
27006
48462
64314
83817
59332
22062
91647
63047
45755
74778
53763
92701
86435
11176
87461
50968
16715
85749
99093
75346
32527
84808
28423
33953
42349
42410
11669
61035
20457
24686
65374
62179
66435
61039
60852
77375
30244
13737
02798
30307
97579
48142
47783
59326
35911
03541
48802
96467
31189
47061
55017
63435
26952
69110
42078
35267
85484
28325
24177
46745
02583
71226
08988
66673
93500
62435
91429
31951
58760
19054
17924
58271
55907
06699
87920
27932
25834
54808
37326
80089
04505
52962
50418
17802
48695
18148
72726
40898
96321
72473
63155
94057
64946
32432
86275
65230
53476
46267
37780
67354
51988
99276
73858
42434
03644
67329
54758
76218
74927
74629
09194
02724
63557
37413
24007
15014
53744
43780
30565
72257
17709
71228
63236
54479
88465
54515
08574
87614
10133
86773
73391
30759
74702
30531
74759
05790
25917
94256
61793
57456
99741
74448
96155
94571
24086
86394
19045
60182
75448
75624
20416
87557
20086
77696
35001
40153
31851
17414
11136
06546
30328
59283
76407
90486
25558
15545
61940
22876
82394
70561
32762
66567
53168
79460
83826
92802
03176
78597
75617
56563
32863
38841
39790
11888
42797
76487
24930
90514
38796
34255
29293
53168
39009
90635
73433
16495
94223
83247
35420
39304
30202
08418
56764
04878
10096
30565
45520
20525
40290
68110
76215
90635
90078
09985
40850
58649
16728
93992
89398
15513
51272
35408
01074
84867
55171
04141
48564
99117
22419
40119
10529
21615
57153
48083
72939
83597
08672
60829
16376
79744
88318
79852
52990
43508
04958
05184
68751
51617
40211
01338
98202
73526
14862
49839
84302
10462
12382
16934
19505
15216
67879
11959
37000
37890
58851
21574
48945
92612
25197
20182
41887
71698
84798
30695
67614
95204
99237
21048
67236
96622
72930
26561
49967
31842
22461
72664
76126
51899
10322
64329
27949
56936
34286
62668
18190
75919
71500
82174
31689
83082
35185
97185
47701
96807
64468
18715
43554
74901
81589
60026
56906
28433
62459
48855
13484
96480
15081
59944
06337
38103
50259
57678
57101
52377
57399
10234
02090
50447
59150
08188
53093
15914
71885
87190
86581
74376
30938
16877
71144
63759
14906
85827
25899
34076
57856
48699
69622
76938
65929
13838
51304
29984
41600
56109
55021
75216
48637
51906
94923
16133
11914
46802
91716
42993
24387
15917
78646
03036
15945
11227
68843
15248
60784
15797
39976
86715
81185
42803
85624
92847
98271
21444
79312
64025
65421
12158
26714
86407
04984
88242
74214
71680
18300
03858
40133
76342
06449
16376
88187
21610
99765
21742
27402
98060
52072
88470
75209
82438
78843
59765
64872
11766
59643
70178
52107
50483
40417
90852
53252
79221
45943
20728
13546
43642
96735
72078
82493
29473
69279
43875
06871
18000
20481
63003
90157
07437
77518
79146
85983
63536
47800
74176
31233
14665
49631
10951
07980
20818
13146
97684
96586
36677
24685
41243
89008
19789
15284
83177
24479
97076
81925
67547
42115
52518
09907
73819
01925
90480
81591
89284
74294
60049
77052
04594
02011
96235
12279
72479
35341
24423
56757
46243
36800
60870
15722
64483
71477
77536
83445
01587
53782
85474
99913
43745
40880
17290
72908
79330
57678
47950
60143
31693
82477
15469
14155
68811
54058
53775
24749
58406
75191
43467
81714
69936
82528
91338
08005
39521
60559
60220
27462
38784
23727
34786
08517
46780
13335
70216
58016
38000
21261
42508
44241
84635
64749
87587
00037
81652
82599
00977
43112
72731
77148
23112
87651
33152
36736
21197
38444
55807
88757
45927
24505
96789
64690
60472
72643
75900
61763
97434
27121
27819
00274
67600
20777
03544
01906
96514
48462
98811
64721
75381
52072
49248
24764
94631
14837
72522
35895
68029
47633
64613
52072
52980
11092
18081
48924
42575
21272
57399
83608
09925
35544
60135
26484
26545
42203
07492
09895
88250
98124
73857
15082
54014
34158
66089
73847
90125
64401
90341
42821
29104
95974
77972
47475
51828
50481
99320
54443
60108
93938
64092
46955
51316
03583
38684
99930
73049
00628
69525
39652
43922
38663
81998
81296
46879
67179
13695
20056
71284
72243
76668
15565
00700
85092
09412
91395
82897
64212
17660
60735
32899
63281
55771
90191
25290
67667
71018
63665
32104
31086
00248
16628
85907
60236
57670
45524
10117
91573
26213
04203
65965
08320
95527
18762
79037
65743
35251
99367
27752
79550
04240
82259
10225
09191
67636
84655
61593
35386
70169
94444
30194
52982
44288
12503
10813
09279
44178
20988
45524
88078
34771
25394
22066
51190
47048
54414
93827
03112
40864
10394
78020
55129
67188
50924
48275
07390
11412
37814
26884
22573
91237
60809
03534
85288
76463
76514
22889
04353
19112
94091
92018
26430
45149
18581
88976
07119
96628
42259
74100
46022
27267
98366
71855
45355
32818
01882
14493
62564
08437
11135
08131
58066
77549
87869
89316
92823
05487
20140
36900
45411
57670
98813
61617
20977
44551
66831
05052
38211
21245
95742
64925
34055
03248
44516
35974
31232
44050
85527
35053
57291
01618
41547
44599
91957
07938
53501
82396
85047
66521
11943
82630
78267
25563
58766
24940
45648
07075
49357
34104
89100
18143
55144
49951
90405
02106
00577
46591
03362
46691
68590
85110
30530
65935
54588
16277
06412
98707
86894
38511
18188
82387
70755
63943
77331
47120
35382
76695
23773
28860
03290
43491
38310
96589
76345
29871
82990
85695
23586
74809
11335
15244
50471
15735
83543
08696
26431
45397
71135
09516
23590
99152
67928
92533
71151
22634
73406
42830
78367
57692
22159
88807
09877
94971
05605
21067
62323
73291
46864
99014
06700
87747
40765
34649
12669
12465
07398
45946
62069
49862
89395
74627
45503
39477
96569
83432
83137
63266
28141
14532
08550
35239
29384
24202
33534
31667
23573
07550
65229
10505
35011
57913
99140
77259
31863
60810
95317
54503
02505
66903
09423
24332
68972
34889
77255
29382
53382
85622
14338
58416
28258
06789
91978
40447
90473
66385
45037
56526
35479
05958
29533
94452
23585
84952
29923
10590
48123
36499
96782
77283
22622
35693
03052
01156
50489
83813
59684
47684
50937
89688
83935
66068
88480
66804
71902
08316
09720
10433
65567
11108
34477
28857
18972
76997
31939
51836
80766
74196
71796
40863
25037
54821
73347
89771
72855
20019
12314
08156
51795
69129
79602
80316
87017
70467
49243
21938
58162
29794
53464
49582
64662
86708
28990
60584
04375
08056
53171
27635
67898
85228
34279
97139
86299
00944
76342
57180
51627
78681
26454
59528
74190
47021
87528
09256
81469
10712
67275
90182
10461
19827
56809
33168
58179
30893
03283
93903
27751
12648
57775
50951
45679
82515
44546
33280
88349
79997
92957
03261
01023
21871
43339
41727
85128
93252
25479
95929
35390
29185
78046
47676
71356
51350
89924
89720
02969
41223
55212
70614
50875
08868
16825
55713
38982
93714
64125
25487
14907
72584
79212
53559
37373
50428
51491
49479
46959
83095
93426
33045
05301
51405
19360
29160
62252
89290
40897
42360
63227
29585
74727
91366
76185
82584
10927
19292
95936
18105
72151
79113
82106
43794
71574
36235
41530
59440
58219
73454
66461
33061
57750
66894
83653
50078
84973
94296
26468
91794
17313
97414
26552
38428
91409
33347
74440
86345
79771
19646
49472
35346
90473
09223
29576
58284
62181
86810
17160
36376
33645
76636
98997
77686
26009
70683
01248
46693
05133
57885
22522
33404
53534
13555
67732
84134
96562
95277
76020
04278
58389
11485
56663
28760
62297
79772
94357
09080
74289
08613
69063
33918
74754
46791
41074
41069
68312
82472
27145
31765
52327
84876
34335
99234
26544
11860
10438
41644
13701
08725
23381
85053
25186
53937
15700
75764
82682
52105
00362
84379
24164
83297
09472
02737
35418
38506
27922
38389
49137
40141
53635
17984
64571
74249
26829
21039
70127
92139
69190
17294
14086
27496
37524
41137
18834
19418
01248
10453
83450
64142
81982
21600
01050
90158
35942
76940
79188
42006
70097
58536
04541
35253
81239
22626
86141
78716
21889
07646
46263
82978
22931
20957
74178
94260
79955
60503
40486
09147
24783
80541
50941
16999
69175
64769
97951
90630
61383
26921
58842
59541
09184
85867
91348
31146
29976
45422
91571
09181
50171
95273
60254
22597
85999
15656
78749
86273
32334
62685
89301
72821
29484
22925
97313
21287
89303
73664
78177
86799
31678
06439
76856
18363
27537
59154
64827
79779
02469
12290
60471
68921
40232
43241
44496
33666
50669
50323
56707
71089
88027
01667
18483
82814
42380
94624
74134
53628
82649
19638
71345
73590
11179
45007
32312
74197
49017
58126
16277
56767
77167
52636
34377
51890
33791
60325
03254
06840
09298
18233
92482
08558
42075
47786
15288
52414
18052
71110
98810
10874
67857
58596
25789
49186
17637
23417
97604
54419
35583
00092
87415
16165
26617
68044
48759
23676
43919
90619
64370
78038
96445
36832
18809
47100
64660
42517
28464
73587
18351
79203
97347
87974
84996
41339
97205
51784
43298
08019
05495
30475
80860
35464
52418
80259
00362
06151
57078
94822
86735
05328
73624
44388
54897
84935
46444
69303
01099
27077
46713
28192
46684
02750
39399
23528
10719
61756
79866
45283
39333
30219
46091
03332
67651
38103
61984
04940
20514
70296
66961
26364
24587
05245
60218
81914
90688
38403
21692
61499
90630
27297
87128
60488
99942
84150
53243
60762
59259
89705
63477
07320
30659
21527
04795
21222
60125
65140
64046
53253
86468
11901
91748
84353
37566
78134
73042
53391
25629
65186
42141
08724
75838
04621
88481
40899
95038
76898
21959
96275
77417
74848
89487
56812
91503
03935
97257
97289
53343
32427
52610
29554
15977
82848
72938
47914
89821
28844
74366
73371
55013
08287
33972
53406
51294
11927
37936
49765
67685
30824
06051
40872
92502
96228
83999
39536
94614
75031
64826
53598
13353
40274
99208
27725
65578
65627
66215
85258
72969
45299
23666
39608
16219
05045
84717
10516
81133
28170
20229
80910
64721
55356
80899
34853
75501
74732
01811
20151
21606
07333
60944
54213
91556
85954
35904
52133
81872
79906
76857
06671
88469
70694
84742
73355
51294
87582
64250
64037
23834
73641
70412
19457
65689
94274
17573
25072
08838
61652
87405
23375
96556
64339
11283
03801
45853
29960
51066
53028
46719
84111
95068
27487
08694
03286
74167
80021
47081
48319
33292
40735
87351
38774
67611
01494
22428
11814
34201
54595
13742
69311
86898
63422
14862
77703
83814
80394
30799
60447
95318
65666
32950
04282
49621
48744
55797
52473
12929
07543
51907
78969
25468
49040
24795
70470
91318
40317
77061
48712
05675
06294
29420
39338
83074
96869
33747
80345
49855
74492
11879
97534
59738
06178
64337
41949
48750
88902
60571
31390
29249
55199
87333
89932
11252
27665
18018
55774
49835
60403
87975
59382
02760
74318
33151
09847
20956
07786
01169
99167
35115
33164
34480
96967
80504
39925
75805
89148
88154
47259
45473
72335
45964
03575
65428
29133
93761
02804
15071
22248
85942
58669
29557
80024
30694
84996
73410
69621
81113
15363
91080
07328
67092
70918
48049
98258
85414
96498
59872
64013
57927
85311
84099
95245
39742
91851
87814
40225
00769
78723
11570
01436
21388
49013
02942
25732
40778
97176
88346
03642
91096
69265
80622
27769
32441
03125
26719
65652
76357
49802
63835
30062
71270
83575
50542
20329
01169
13747
13766
87450
70116
87726
67310
43453
08163
85457
10134
90368
43132
29330
55620
32293
96900
04460
80224
33240
47190
91591
88488
30252
29305
05752
29655
00973
56297
48032
36327
65684
17924
67635
21155
88400
93604
98622
33968
16495
92014
81600
02020
88686
35027
71567
50381
78865
26135
57529
18934
38434
77421
33028
89761
62096
30556
93541
46269
76497
98622
60984
95071
07648
60627
84557
58250
18242
22107
27920
34594
16862
50818
63704
77603
69054
22938
69983
78574
86686
66238
31984
95170
68512
38308
30773
10122
32655
07512
62668
73816
91509
31869
47989
54557
16903
74523
47385
03330
44289
91571
05728
41826
52624
88711
83491
31890
95371
36723
96928
01875
53307
56423
94281
73527
95952
62347
47686
75499
95358
52445
05680
92276
54042
38544
50100
21858
01995
45786
21509
83612
18555
61548
59710
99379
85764
24349
86489
92118
46072
61555
71979
94885
19855
72017
31399
24357
79103
55805
10581
25627
93717
83211
54743
68456
97404
18994
07795
48681
35522
73737
43000
36419
94585
84956
14578
40615
05738
57205
79999
83396
20553
50814
92992
16739
48330
07232
24550
07841
76361
21998
30257
48389
49401
04676
15933
16211
66237
90933
27794
46287
26568
49666
79847
45533
74616
38850
33359
38449
21043
87541
07520
99513
89463
77496
32764
85908
58091
41743
41148
17408
52573
64981
81940
23161
60533
63647
73798
02474
52458
98615
31446
32456
92782
20385
77757
24029
70719
48056
13924
19468
31726
75992
15431
54784
25861
08656
77335
52059
51041
67328
31108
83437
13288
50476
60506
49230
82673
26436
58829
06541
46242
34729
72799
56697
88261
76590
62522
88663
23944
40523
77027
95739
31942
39496
21267
51502
08333
31882
20339
78611
85116
09664
29993
30753
08324
59160
95738
44416
50625
76065
57404
24940
20116
09731
93107
14716
51580
75351
54668
54331
79043
94402
40832
60823
45297
95586
17731
07071
55420
43678
47125
55321
78911
33993
79036
96190
35072
57681
45254
41540
52358
16160
33815
52317
07902
85760
71645
33487
99577
23715
16604
02264
09287
90455
43999
53943
73461
32210
50726
47640
26808
64304
99519
43181
21794
82332
09560
09319
21557
86285
09775
10184
82158
84329
80367
20024
41662
56477
73551
25903
13655
05860
65483
75541
91939
33240
08929
07310
13440
76916
02687
65756
57030
56408
73645
96742
44722
76253
48776
88705
25311
20937
93029
00329
15915
42284
96777
68814
64620
97616
83166
44577
29674
11367
86770
51416
32318
32102
28578
97619
73892
93852
46665
21128
18293
76321
92376
93599
27588
42021
48263
62429
81693
65071
30184
80794
35105
77875
24117
42767
50294
49010
82836
40035
45708
93703
30893
23419
16568
07903
06958
89626
13805
72389
65002
86839
37477
09605
01962
48737
02262
02252
88466
19293
09444
88870
42427
64774
65905
71290
54971
22040
47760
64525
01843
16870
77127
26750
16148
32569
47092
40328
93966
89156
14869
65343
34332
31572
76413
05413
20255
33901
55962
42020
85924
98685
95170
66328
70206
65706
91689
98737
43434
96867
29109
70206
07860
25372
81776
29014
77395
60150
92483
48239
50118
38734
16522
38497
12834
41874
03622
08283
18662
80380
24223
69175
08743
60955
41677
29066
90284
80724
12760
73483
44136
54322
02886
61837
21719
09976
61925
82951
85614
00273
69523
01585
65223
97677
38894
66722
65767
54097
71672
43838
55047
56515
35157
79613
60087
73681
12052
69784
35585
95447
34163
66012
83017
38068
89622
91454
74324
55020
61358
67867
85979
83056
75736
49950
79199
47846
31152
41160
76466
77310
41497
54726
96153
91365
87048
34075
16882
80660
76350
63542
04987
31947
53192
39322
84077
37560
02433
91729
11194
42529
86152
53447
74508
85043
19995
57328
92046
73478
19639
56012
65875
29454
19916
19141
23746
79467
18156
86423
47105
88166
79508
27058
92449
19002
71662
65913
01275
30828
70852
80526
55478
78644
14216
28783
67287
95523
19697
73881
55479
85256
10552
77021
77844
96920
92674
99043
71586
56893
79360
08746
51117
89474
73460
05362
74145
65053
42140
94181
28690
72958
00063
56933
36923
54083
26636
72599
99312
18795
56262
77726
36476
29710
91783
24588
06435
48899
34520
56699
71456
75558
49961
51426
67994
56942
34948
49179
76147
50143
53726
23997
58340
67425
54991
63694
37223
46867
35597
22157
47848
58991
61541
58117
30202
96225
73564
28150
07114
44606
69247
58691
39852
21193
00917
35712
31878
67024
22586
56765
45398
58350
10305
58622
57103
65737
38851
22326
82774
91612
35432
48807
04470
99901
75753
48031
78735
83984
14684
61945
61257
25934
91229
42084
63227
51835
84908
16512
77793
57983
11232
15643
41198
25082
64144
93924
88375
11161
73307
77857
01374
50233
80497
94819
06613
24714
89907
61504
96537
20698
53136
24910
05472
75844
63106
62103
52121
07615
09514
77980
58421
75670
73886
02301
18511
15096
59377
89928
33033
10262
92608
84317
55393
01196
23388
47333
18455
72132
27915
12907
60945
46328
64940
57453
42516
69903
15555
08564
14700
47504
37008
62457
75663
85523
64796
09338
53762
89184
52555
26936
40486
34517
65268
78272
61074
53858
41180
75655
96508
54136
22759
70952
83683
99613
97929
60650
66192
14553
76849
33525
06503
48901
45536
59793
78128
92270
87538
76620
37953
25199
69491
48690
68486
08993
03122
15314
13481
87750
88920
92715
63697
57171
00478
69815
59613
42804
72436
72011
36710
93493
19308
12804
65040
13836
97602
47105
99720
02906
18722
00117
49553
57121
40507
22382
92677
91054
84759
03713
60882
61103
01105
63997
63747
35670
23547
31943
75050
84104
07981
69644
13602
84810
50741
93369
08813
42720
35349
32775
09679
48875
32890
61968
84404
62110
87053
00052
98349
31637
18243
25821
28721
33080
60708
01558
76701
24464
91875
55927
70795
97390
24401
35817
22921
01965
49801
08157
64395
92888
19866
44216
00190
45454
40020
79523
34558
85983
19976
84430
54492
07586
99345
99598
52107
28884
31477
34428
66397
63499
44374
61055
11959
20444
06765
21968
74895
21127
50232
79139
08428
48193
29235
90418
53659
72546
03340
07281
53778
60975
98089
37834
37459
06368
35720
74731
00669
47524
82062
62707
08777
47578
64539
53366
73809
36497
39749
67959
16064
31593
49189
33029
51428
29416
61690
13895
88990
81180
38283
94398
32628
78326
39612
30995
09775
08351
02054
30746
79389
47766
97718
99933
82981
20327
61831
49586
75340
46124
70608
41349
25517
18484
42449
68006
96240
71700
55914
34431
27112
56019
17376
42313
07396
70332
01184
05883
23732
46788
62280
43866
82197
73657
30664
76998
58829
95245
89226
32123
56945
60902
94663
86300
40076
48052
43224
18028
91001
04830
67289
35810
70131
15414
81206
71520
59787
98552
78936
34471
10850
77094
92391
04398
08177
35632
76908
59853
57317
63196
06152
89809
07565
02858
01860
78474
00655
12086
85937
48255
93209
67563
49219
80775
79196
50554
83437
46543
19858
89212
80575
04068
65224
89464
50031
87912
94719
53520
17959
52837
89957
98195
71430
73362
90487
25859
49093
74953
89117
03414
58387
64467
91056
49196
64016
29895
21065
27301
75375
77854
32201
38943
95973
15062
91714
88067
81114
87566
70582
96086
44444
34810
69243
55649
26457
39310
70011
60816
64811
86399
46644
01212
16026
97794
28738
39431
48165
78566
29018
43174
44021
94451
69886
33244
85288
81553
27626
89833
04603
08985
77341
21303
20443
79299
20687
42944
55024
20301
04597
93673
70133
28700
42123
76843
57528
70460
41541
85685
06450
16913
57468
95347
08318
85713
54953
54078
73794
36556
20605
09759
79837
48272
69330
40712
81285
18080
38324
18011
94119
59283
45271
35793
32652
97606
18588
17802
21262
80306
99665
88975
01508
55476
56183
76576
79286
99440
96966
60782
88787
59058
80219
15153
56637
42675
40333
20931
73491
65051
92427
04972
31834
79257
26458
51248
96957
21118
67105
91997
24935
17026
25634
36962
83660
37783
64591
24793
80080
73413
41766
70139
68895
98593
48893
31313
40670
00797
17945
96565
34061
52474
48365
46676
51659
41203
84722
85280
83090
15008
74103
81510
48526
89489
59623
83233
44353
40464
21977
19188
27909
27720
27850
51680
02631
11518
29463
79308
28200
72600
39918
94902
50984
20305
11864
87941
03094
65748
84423
52422
83913
11887
24248
61774
45561
36396
44881
89415
61763
41489
51462
44562
57143
25202
37274
46661
70566
21213
22381
11465
70993
79614
82514
77282
22713
49786
21886
56812
45109
17253
38017
35889
11047
59527
17103
37047
52700
51821
65651
43949
80564
89639
48488
48362
02349
55573
88228
51613
50335
09844
20454
40432
17348
53361
70028
78938
67204
32629
73326
23722
28718
70663
53994
70927
83415
10135
98642
05212
45773
85078
91425
19973
62776
00302
61459
72961
55118
10149
23903
78209
26494
97257
74472
38967
15680
86871
12999
85099
97943
79477
80849
16218
58851
50211
71605
62792
02079
16772
63229
19780
96968
01212
07973
65360
11561
42017
10529
31657
10916
31629
99797
10112
90273
59270
29241
89997
86225
05952
85125
00242
09521
26290
41430
71855
51770
63505
13833
08539
82226
15802
81075
17112
35543
15176
26660
66195
86199
17143
72374
63651
57856
59713
98936
22087
11461
06325
90292
67010
12492
94493
87295
48348
43679
84974
45775
07784
95138
20388
59927
82772
44433
14674
08430
55657
50552
76234
47213
13531
47076
24914
72377
00622
54965
87746
86819
10741
37903
64904
64445
15843
23384
28660
37462
90547
01880
73001
83462
94522
02588
45911
43825
72090
88918
89912
78742
07720
75941
68627
05987
00567
78606
97606
12551
89335
65635
84172
73836
75413
99180
41406
95794
61582
93145
89228
22297
69269
31346
87647
64601
26285
48321
61850
41631
83451
87571
50834
99327
93346
64792
69903
33912
78928
93133
18273
56050
91905
93956
09830
52357
08544
50800
88797
54000
93047
78080
51934
09770
48022
17540
37508
44052
84092
43761
22784
54720
84229
19861
08931
40536
70649
76126
00624
49502
52527
15850
64681
04978
02671
29859
23832
35815
39833
72325
19779
72330
13985
59208
27052
19088
39999
26833
38150
14059
81732
74742
24171
84170
40202
32548
61337
01810
35528
06524
21678
56881
04965
20270
06379
48833
19978
99547
25878
48631
25806
75211
04852
46306
70049
32297
31144
36791
28231
74831
37710
35286
41328
57997
06113
09933
79716
64040
54352
02649
75091
84067
66673
09857
09004
41326
36540
55610
56528
78497
11546
71451
75766
57770
36088
35178
25959
62847
48882
06095
18751
16299
32955
42587
12901
93741
52868
81822
61526
61881
13410
79601
68714
23329
47175
63295
11897
67910
70864
82640
58860
20765
33014
96773
11258
70522
67409
32556
91811
58045
98408
94347
12722
45527
31287
76290
15798
93567
35323
17995
62529
29536
46377
25045
76604
61038
05030
37906
65314
34712
08104
33649
22589
87501
52269
16927
59393
77827
50207
52962
04522
40126
25733
20021
86998
79832
46509
16226
57602
83263
75994
41489
50325
62139
46716
29547
92998
82399
07042
58745
54191
59509
28356
11241
74818
57149
42287
03885
12556
39687
67575
47290
28218
48015
50226
51739
37961
74190
99717
29976
99245
73941
20426
27780
67543
47393
27372
16857
11700
76175
63490
57571
26277
51974
94678
44148
63736
66650
25381
42946
75453
48642
26830
72544
76936
09544
27035
50232
78554
64594
24149
82185
68872
86097
49354
61430
09543
80105
46395
59302
60678
40219
65330
46052
12093
41376
36766
08250
64606
11468
50447
18975
61553
71653
50806
40921
61181
28824
90097
90952
63247
31269
63987
01035
54857
30157
90542
78508
86983
99750
93828
44736
77571
22682
85188
50676
93103
66273
30510
85454
14541
94227
17868
59250
05260
90555
11476
76580
71400
95284
16550
36081
81787
74441
70664
03804
19572
76189
11701
98026
98023
60676
60299
89967
94559
73078
94382
51687
41926
26769
12190
49253
29078
30680
66736
37341
21401
61197
31402
13702
15092
29768
21718
11646
67261
25029
15882
64799
92978
02215
28844
80926
87971
07621
56352
25300
73893
12203
59898
91784
64662
16616
54635
69495
11794
65427
88881
48188
63982
24643
97156
62533
90576
50337
35557
24063
47074
71876
00272
60443
52314
69055
88362
06095
29254
36753
47249
12848
30298
09680
06130
01360
50968
96370
36693
75048
97769
26511
96106
80838
00482
09395
51386
20210
84905
46461
97102
65763
58359
52469
61665
98043
84388
17205
96174
29793
38424
59228
55404
01106
41937
82334
87568
98849
64620
78649
18112
66969
14040
31769
48219
12108
77104
58276
95726
40307
96863
65145
75833
95502
66197
67024
14571
65215
44284
66822
68890
16790
05721
98936
43307
77070
14731
15509
14039
18101
94751
58273
95278
73228
12154
72289
34727
11930
68615
20169
86193
62834
65681
23188
02243
75486
24817
20581
78655
93017
78455
68285
70137
00515
89967
84315
01591
27390
73243
76990
57191
45543
36452
18512
92594
60727
52590
44626
42626
55028
90112
11351
07823
99228
81052
34016
86642
78102
43875
67275
46708
05365
06163
73911
46901
60099
24805
27233
45934
86140
78034
69155
61018
06153
60344
72150
68351
35309
69455
42617
12279
05450
42289
40343
98961
79079
41165
02669
61563
49788
13342
13377
14375
39103
80113
16176
17520
45450
31224
64678
80593
24104
92208
08197
71613
15191
55554
00572
65114
09164
87405
68925
87286
03089
28573
34449
25310
40267
90519
32114
10094
37112
85945
02631
42801
34715
24815
83512
80048
38814
61697
10455
91221
50291
68634
26623
69702
81613
17560
44019
79832
05341
63661
93328
10973
31916
39210
27113
79586
75950
24927
66213
37051
19177
65499
75938
39362
76017
50961
93164
97779
29655
40289
38469
78528
56553
89008
15279
37029
52906
56777
73036
57393
29014
32977
87220
25192
15800
20464
93364
48569
01055
23908
05530
38343
16131
52179
22507
01863
24083
50185
01177
28347
43015
17914
33361
69728
87824
87660
47772
20854
80247
22077
27997
81762
65167
40500
10622
38731
86932
89980
49523
76019
34189
22904
60409
94615
67760
47438
30946
54462
55247
06449
99094
09774
59438
86688
63381
40318
27318
66609
70219
56256
85240
94687
22664
63393
64811
20530
80459
76077
92349
04577
52818
49702
31198
38570
89855
14275
10187
01843
23306
88415
90244
37122
31849
37420
18130
92704
65881
75277
91946
79082
64539
09937
81571
91735
56524
90518
84476
02544
45467
23712
98120
56655
68143
02363
04346
06072
16674
56056
54593
68604
55136
76580
14747
84031
97280
66820
53349
98436
06382
09317
18713
63045
49268
90316
47268
24764
85802
30665
96945
33333
83805
73527
62334
12090
26437
67777
82165
94441
22831
06970
28382
96030
48174
91029
41803
02336
13081
24646
33461
88311
94635
37869
20901
01342
69274
07911
48120
73677
03751
74760
41068
68390
58342
53850
65486
73163
26336
60280
81394
97009
18489
86080
61986
68091
94953
05198
36580
83884
78626
70783
91194
97868
18560
11265
35890
87954
32214
07927
92353
98694
34767
78569
34475
95352
47676
63530
07026
75361
96044
53145
10898
98616
98159
88400
20332
01535
06412
86331
06500
75191
88973
53218
49799
90574
02714
55767
36368
85373
17619
76213
58521
52362
43588
48190
82997
71779
12704
28013
68810
23874
98651
92552
52926
87504
09381
91688
77244
94421
82523
30078
18988
83881
94188
19004
04409
41276
52682
70581
01672
35448
22407
48083
80937
66833
40300
77402
51460
54174
86857
62655
06912
22013
22232
44535
48755
99102
91627
90956
05172
67740
42266
50322
39187
32019
94247
44878
20122
95442
70064
30399
01098
57432
43897
80821
60428
10940
76577
87133
90714
07271
84053
55513
77577
66816
50278
44534
63640
54682
12063
49579
76364
05996
93926
81881
42654
58370
75028
05738
09274
68989
72235
53825
05034
21334
94248
34140
25174
57975
73117
71542
69927
11883
62761
16841
92084
94285
12663
91647
93666
31338
22873
04599
69037
87651
75710
20026
28554
88868
39496
86593
26460
87971
79968
16279
84451
51047
57242
32324
58109
18933
92218
91392
40766
99592
64544
73010
61721
50288
39280
77915
13762
10796
51505
50650
38404
77456
73265
34656
88426
07426
36382
63930
36274
77027
21167
63333
67086
55840
40038
51562
79416
50981
68814
97321
46188
59523
18768
30816
35246
91692
77184
34382
25249
60627
71943
71321
82490
07513
14629
54515
03961
44542
07731
62959
19206
66487
17883
56008
55127
99994
47045
64396
67467
41548
59907
14693
24209
53637
64957
38788
96503
12219
73387
59559
69501
98385
60645
65334
34980
02755
58238
15815
47554
53107
32833
42581
41192
49110
82695
46118
33874
42419
13815
46227
04018
65823
12862
20103
17127
08846
77590
39186
44461
05578
36216
40829
74084
96666
49269
93985
41825
83848
14884
54747
11554
04235
18774
41216
39649
44519
68103
00795
66859
41388
55009
89641
80771
59160
85830
01378
66682
05501
85420
71754
40224
61855
36579
79378
15129
25576
52678
01004
62910
95152
00131
08306
66006
44673
44025
89134
51690
10348
77365
14145
92650
93645
45979
45686
92545
02688
48138
14308
61025
25618
82616
91794
39326
02153
15071
21300
19748
24210
58623
79289
49468
72621
81923
53566
59867
94422
68155
80213
72587
94522
62852
32872
58413
34796
44076
48960
75713
63075
40754
93146
72217
68216
84783
01940
13494
95569
72821
74115
21827
54308
22483
26486
89740
38239
77844
33852
87354
97078
51575
94532
06350
75869
80165
66552
65044
38638
82961
28408
44877
74554
59098
24486
52850
17319
95049
20457
92011
69058
18665
87189
81215
17473
86728
15499
08014
89029
27766
93934
53907
57204
54811
36593
75143
37158
75725
84541
72763
78964
79880
26636
22063
08797
31631
22696
85372
41838
45850
24139
21099
28203
97100
54233
73150
73747
18096
49163
10198
97250
82679
59962
42110
59420
40667
31065
32445
74857
34163
45132
36484
79050
39892
06365
77407
33659
72592
41274
28693
72146
18177
53079
82244
09713
82543
91185
46628
55411
19520
59392
14055
30249
17703
63198
03929
65273
04839
04553
92075
26749
95719
60332
96389
36418
27501
04052
61124
95413
48300
62686
98502
54202
84563
36757
94203
55913
57656
87334
38006
66342
88009
32070
81769
52156
21114
18490
47999
32839
96161
43767
85457
15077
44145
55209
55526
01587
61740
50717
27751
66981
04857
13738
74689
88331
45802
87904
62264
58283
16611
62708
26213
76149
61487
85443
78400
09684
20380
48554
08045
93615
79603
56780
05925
99126
77424
80328
05321
02205
02764
55492
93333
77548
59613
00216
75848
47283
48127
41480
77077
76082
05053
34108
15659
32069
95101
99059
20625
49916
17846
84281
45819
78618
75589
22809
73721
33311
98779
70923
41503
43087
83776
19035
32031
70526
69370
90015
