5000
8289769
3660792
1974267
3708146
9223443
3314738
6918263
1280748
6599663
5530777
5520785
7214015
9953488
7919103
3401082
2972495
7531077
6781307
6890835
1206848
5596647
5071029
4103942
2466066
8876386
7221055
9421168
7524636
4225533
8002009
3443397
8627743
6064980
8710556
0448878
3310916
3326291
3661878
0865198
7666481
4088616
2968207
1827377
2221341
0463553
3716561
2855692
6016592
4047273
7605810
0436140
2526316
6662080
7236277
5626661
3644626
9403376
3697666
4564147
4521857
1309748
4994582
1162302
5323758
7643813
0239832
5321492
9577925
1160028
4223287
4608391
3378657
9483309
6921771
7681648
5442133
4171461
8741827
5984510
9000922
5314585
1533721
8997378
3768503
3778553
4005095
5196859
2183200
3765961
5913720
0992635
6473816
3907676
3442915
3199515
6466369
8205541
6184016
6786721
0873350
3661320
9698743
6712351
1051737
6753997
7458796
0124295
6688463
4605197
7243991
8460180
4532482
2871680
6633767
4633859
7109544
4626937
9473865
7108577
3354625
6935752
7251058
7641471
4077398
5482380
8090464
9594778
9373322
8642847
1248843
1636195
4529166
1077933
6159767
9444066
1656946
4738205
7625245
3184772
6203410
6558341
4937390
8737277
1366895
5347699
5124821
3057841
8153110
1399379
6112141
8516163
5545664
8554808
8119894
2157123
4448270
0413276
0200701
6842553
0683220
9434407
0150551
3991297
2514020
2817852
3525191
0288164
8649565
9557074
7154768
7389484
9200542
7361813
2850158
9783928
4225266
6846656
6204365
7238650
7997039
7968623
9611127
3737378
4708339
0114543
1331615
9152470
1574025
6165414
6874851
6982263
3943018
3007085
6445636
7076576
6594619
1615707
7520640
2897206
2955787
1973861
8003953
7089136
1672966
0153149
3974107
7406483
9146484
4565027
8333839
6362416
0090678
2435451
3392737
2787955
9918739
2498795
1598148
0142661
8230190
2813163
7956484
3550887
6585361
9230477
4900090
8693869
9692312
2530922
5004066
6790965
0493831
3735141
6899159
0084178
8531751
7131766
4153001
1360987
6529244
3287240
8940168
3612035
5438370
0468832
2169345
7397964
4285277
2468017
9572567
0725120
9437637
3969235
3070246
8516781
1370340
6841745
4071192
4442718
9311386
4293638
1003330
9690440
1895916
7186634
2885689
5170634
8496376
4258959
2961026
5585337
9769284
0087945
1713933
3158431
2944594
7096508
5055813
8233602
2797078
0002851
0415777
5609358
2407949
9864058
7750935
1101632
6778246
9812055
7080836
9557711
1143642
8367897
9416838
4602399
9086261
9728592
9139735
5408863
1242062
4053352
8541710
7127249
2187885
2938660
4428938
5306112
9791613
8499115
9762186
8722641
5664333
3797799
5090636
8945700
4306562
7333325
5109609
3046295
5538614
8374597
3839187
0680543
3481261
0807495
2449999
8348604
0223168
1530306
6943754
6266630
9317627
6972589
7286273
6212659
6025066
4851363
0676110
2300434
9303768
2052358
7542058
0776842
1193187
3720132
6898383
9143502
4693276
9253243
5020307
2879504
9543950
5535623
0509712
5649137
6604733
5132691
6774567
2419103
2040544
6368280
6085670
2332686
4199888
9922400
1747035
8809897
5254244
4689746
4567339
3646356
3203754
5222845
2678039
8342236
8402029
3598493
8187356
6527789
4231952
0797218
8733710
0301114
2073941
0090623
7576687
0880955
2224667
6227032
6424326
6551700
1684744
6313678
7718353
3062767
1573453
8501120
9821448
3492104
2967384
6330169
8057077
7993003
9012420
0566050
4158775
4922887
2800928
0984056
4485515
2993258
9791525
4890576
1330364
6842057
7153481
7470241
3022181
0421116
4843512
9048612
7934886
4466367
9938167
4871759
5184731
8990511
6104943
1191773
5649567
6056228
6810783
0921178
3667664
9501180
2144357
4933342
8742820
2521324
8560868
5784185
7510456
9445449
1534285
4093875
2226262
2040922
7837741
2338506
0554325
8107167
8068225
7642355
6368599
3832971
6074240
7225861
9841766
2416278
9559190
8215877
5064506
1152723
1176436
4304463
0271238
6199181
2295027
1482459
0817733
3804985
4993204
8814132
0254603
8273108
6932379
9542431
3737338
9167646
6326429
7753571
6991204
6826211
6398763
3282835
4960710
7897705
7141024
1044915
7954052
5314518
6680541
2952371
6493021
9513676
3081927
8033516
8458059
0964081
5132525
2990625
7886587
5216655
9159074
7657761
2541248
1617270
2957291
7342770
9641714
1423103
0059525
2865610
4665337
8223750
0594292
1541598
6146736
6203628
4047132
3189807
0352971
9072289
9941705
2046354
1119674
0264105
9508279
9877430
0682051
5256882
5092200
3842047
5365970
0866587
3710294
0315885
4409835
8817588
9108896
7088974
2663996
6752526
6460043
1711057
0512866
8285228
8065153
3906637
1580753
3248664
7185523
0165249
7613362
6644367
8860637
2843218
2076023
4813861
2530363
0839928
5077517
3845853
4086387
9580296
5450449
5552511
7003629
5113973
6198679
6558729
5626720
8683335
7009088
1609676
9628104
3840133
3513410
0106178
0783614
6020359
3218860
2958997
8440801
8442468
7543557
9909736
3373832
5434873
3312830
6809079
0719482
4277984
0274259
1055329
7599445
5609480
0365570
1279190
7617306
8244055
3780530
5820244
5849832
5164059
7367398
4662521
5512872
1555954
6964545
7606839
2342544
9072180
7738813
2124826
3240859
8133648
5941751
4607380
3086598
8375053
5202017
4000535
4970415
7037794
5205900
1840396
8505685
1980667
4418913
8297955
5717047
5945369
4335844
9200295
1066429
2158116
1514805
1156207
1354909
6834872
8547467
2164016
5663527
9972808
7522946
9796360
6686493
3387903
2205229
9871694
8385738
5213114
4406861
1435790
4797979
2680877
9625215
9737447
6508984
6100114
6803732
8212764
2291155
6213948
2252351
1849006
8818656
1838851
4227601
4394727
3499162
4581812
2962008
3764825
5465614
3861496
9322647
7800484
7070273
9033670
9025059
1714097
6324085
7774690
9030776
5304297
0961137
9210085
8280082
7807762
8755052
5348923
6608337
0556318
2124732
3486382
8066629
5031040
5441770
3875231
1148005
8286106
5626893
3480788
3452452
4903271
2344774
7361494
9330006
5326843
2603992
3549906
6229549
4158154
8145740
9174305
6345794
0504503
0277372
4874654
6690547
5728650
8589682
4725862
3442644
8943338
6369867
9779621
1275052
5192374
8300595
3878848
5749544
2386679
3367233
0763428
0576725
2443856
0255306
3543728
3315582
3582435
4928459
8635356
0746459
1683509
4354336
1843487
3515769
7790512
8683173
7666548
6252221
6983306
4090515
3890203
7028339
2315450
6446222
5412278
6445592
8099766
9386902
1855068
0962210
8256559
7284355
4881641
3970151
9537271
3379699
4507735
8612347
1382662
5121344
6725416
0025633
7286090
0305200
5699304
3731177
6600470
8914584
9020744
9870607
7830662
2995702
3085651
1737529
4038823
7815526
0125465
6125477
3487251
8611355
6885544
5917095
4254874
3904337
8306281
1412900
5103743
3236499
9940010
5513324
4632801
7887224
9485964
3048720
9463116
8060735
6507634
9693656
1961698
6985772
2990183
5890815
1717683
8693380
3955232
6995906
5902987
9401156
8665392
2879420
2002598
9921033
9081114
6231259
8547732
5858857
8959455
7592381
5959504
2015021
2969140
1804760
0455407
6981157
0540508
4365660
1637616
5488486
1596361
7031524
5179353
6612966
2594707
0174958
0244876
9556670
0749654
3081658
0341785
0829219
3929792
4909403
5951049
7775472
0692702
9565492
3625720
6157266
8024197
8633084
5857065
4789662
0564033
6894889
1839830
0655402
8024672
0516795
5334361
9716126
9891881
3260196
8690668
1192413
2977200
9033010
6233829
8187097
3828878
1283987
0752386
8680422
6700190
1910392
0842174
7976406
8651668
3887587
8488853
8135328
6895987
9836463
1370398
0032107
4158123
1869541
2062165
5656043
4008317
2192747
3963803
2069805
7644155
6276737
6505101
5112702
3296380
4196249
0837268
3005258
6957135
7611069
8489568
3714281
0487386
4254659
3025556
7995195
2211893
9359252
5857699
9742924
8383296
5859032
4052600
4335546
6243418
7013984
2263097
5133575
0764761
5612662
7412062
3761732
5528660
2575487
8500870
6904836
9472048
6057381
6110474
9428696
5899651
0694636
9650192
4968067
7150394
8905260
0040649
8301568
0507988
3990209
2326291
3720143
0939228
5454767
9208442
7611585
0228260
5159360
5906174
7100231
2674420
2463142
5339758
4664642
5258885
0090599
4115283
2385272
1951530
5908884
4071108
4568621
1277890
8540702
6209366
5859166
6923820
0168285
7033255
0174991
7509457
9304048
5035254
4110106
2045067
8355792
4684202
0820332
7053495
2453243
9433638
6577345
0487066
3848381
3571923
1225448
8781692
9990841
3934920
1749152
6404938
3766810
1555781
8476080
7814991
4809428
2604355
7339621
8801204
7859474
5376862
5934148
3276790
6647763
1344882
8328170
2049050
5107591
9121939
0310791
4819405
5119547
8192464
8719188
4594186
9570163
8428341
8651321
7502561
8022281
3721035
7099753
0472673
5881452
9912226
1065290
5451934
3293119
4351872
0669372
5000753
4117954
5666069
7638246
5933483
4224096
6106738
9674992
2088226
4346353
2237598
4004387
0331416
1542829
2692969
8623202
0381312
7544614
9805044
3444454
2359111
0868409
6329055
0466279
9716056
6057560
1134999
7988220
6560995
8141695
6782189
7007088
2193338
3734900
8459530
2805677
4375975
2927073
8841053
2650701
3480535
2434276
9656013
4581314
8174636
8920813
5429552
2670536
4252088
8945081
2072878
7669200
0999924
2816905
9366899
9980220
2295347
6613265
1633760
1949073
7618201
4752379
2044353
8101052
0729781
9680438
0298306
9375896
4561121
9906802
4207747
8751850
2682243
6098640
3691233
3608887
0219760
7596921
9367394
2543450
8050431
1294632
5286753
5885997
4180138
9186878
4631608
4094409
3185686
1361098
5675640
7424106
4826842
0260967
5015683
3314082
9985620
2726717
3960820
4543372
0066027
6066673
3233843
9265747
8819172
1666284
3225267
4813022
4704993
5718703
9421745
9266461
4625364
8269691
9943810
5252522
2219908
7684254
0828860
6742431
4857816
2183113
4913028
2815160
2649206
1895493
6205001
5132843
6008234
6424531
2099179
8724880
4031595
4027376
3549538
0670011
1036186
2501120
7708123
7168075
1688054
3860351
6761399
5399158
9104705
6970496
0013164
8341877
1152182
3989878
1278280
3371300
5535163
9932406
8336896
7433393
0288194
3581219
8464802
4179775
4806757
6802038
8531617
2108407
7357527
6180686
2833810
1714618
3086320
2993094
5105812
3365114
4666905
4763079
5893201
1483466
8528080
1003593
8822894
0479836
9864055
4497521
5037461
8424996
3838113
5445109
9282031
2124050
0992744
7305741
7446613
7479371
3022167
7465332
0528712
2778115
2612753
5705411
0851571
4978310
7612101
4346876
0086718
6322317
6041900
7959813
8761882
5943352
6172202
8859684
2064976
5574458
5448407
7638029
5281263
0022142
6716870
3425236
4532272
9954098
8994925
9403684
9943204
0401449
2464959
5803664
3818772
2409087
2595952
5850279
5917698
3965139
6263583
2655195
2913731
4909093
9409008
7020720
0055000
6975857
7573911
7207673
2732538
5669296
2978764
5660106
3167064
5409740
9976197
4597214
9458805
0896362
9670859
1807286
6981150
4164070
9251561
6520392
4312129
8357598
1350983
9752708
5678626
3164479
8235230
3444217
1300031
9150089
1936236
7019836
7070674
0930508
5527413
9799221
6427901
6267696
0714815
3992930
1635705
6411775
9469613
9424482
8664953
3373145
6039886
2890254
8758753
3447119
6459379
7127977
8646399
8494365
7301120
3713636
6287037
6369885
4513750
0354586
8459079
6693520
2450675
1731942
3379627
9571475
3511005
9323600
9151398
5366138
4679434
4344393
0326897
3023480
9707974
6097748
0984455
2043672
0777647
3193335
7864148
1970375
5667462
6199646
6455518
1945032
6815159
5958910
0610754
3398302
7530788
0647759
7456431
7784054
2245337
0876513
3632923
1912521
2083443
4281414
5175990
8374599
7221946
2254234
6050512
0970110
3953394
6223483
0184555
9122374
0904990
6062513
1876102
8467865
9458574
4656049
1403736
1773559
6103917
4763325
3360752
4844311
4619181
0699800
8651227
1290122
5252290
6970727
3318323
6722239
9630239
5192983
1073909
6976009
9181845
2845582
9824239
4745884
9443633
5957371
8595022
9515844
8429123
5141068
5890929
4429215
6350206
6576955
3881349
7481150
7235510
9912493
3209424
8266134
9431755
1061103
4070216
4316191
2421872
1657672
9365786
2470874
1880454
8761103
5433634
9507477
7656721
2736625
4342869
9624425
7410714
8537266
8025327
0367907
2851659
1493522
0814210
0131254
2122896
5668633
2129650
5828217
8638304
8802039
3039116
7982110
0577368
6391584
9356097
1805288
0139133
2781923
7835374
1516147
8860776
0284510
7229514
0354081
8705165
6147068
4264526
5378510
9410376
5427350
1813722
8735211
3282147
8412427
6508231
4909890
6182512
2100162
2543370
4068955
4706148
3527669
0008334
7119298
8120438
2189241
4819510
8341370
4152995
0795929
2214998
8638505
6783474
9759062
4153831
5609277
6771775
3318547
5084735
0426763
3120467
5771747
5168411
3838357
2874936
3694274
7368529
5956004
7207401
8854359
2156289
6851250
6248026
7153541
4500350
2000137
2207170
2800991
3854872
9342475
0114934
1626960
3392881
5323047
0704344
1392177
2761162
8246655
4343913
2632012
7096753
8428455
8347785
7984200
6290667
7352026
3808311
1973853
0779817
3905000
5845877
2178832
6114754
5028067
6978309
6079303
9775698
0567066
9175656
0131465
8476572
1587012
7752832
2628173
4810891
0270849
1026152
7673357
9232615
6043905
8922038
8161581
0929582
0208808
3966778
2205421
4305469
2123903
3426561
5346716
7022763
3842211
1347725
6483550
6412050
0110948
3969323
9839637
2505724
8599738
5046892
7987299
6772806
5719399
5197929
9359696
7552178
9278924
1789761
4125255
2760952
8218124
1555770
8605556
4657911
8391386
3542174
1514785
8391964
2058267
5635995
8496612
4181660
5406208
2690049
5017115
7985237
1553059
1076060
5711385
3819333
0765922
5551095
6640550
9891741
5593235
1333868
5491339
6301063
4748536
5738175
2949763
0060304
6003005
2924941
6057392
8665801
1596776
6764522
8577251
8340514
6362117
1686510
1843443
6905413
5130419
0035225
5466947
8419468
3328481
6900401
1994052
8571356
2387772
8259818
8100288
2571942
4688368
0038608
6423158
0157567
1596631
9417442
3485761
1699573
1586821
7176000
2151041
5763624
7334899
0131321
8632165
2059663
6208932
0816885
5519418
1720674
2226181
6947566
6704652
9409259
4386263
8472094
0892832
4795070
1182151
0161397
2753037
3517717
8092781
4211892
5280923
6783821
0514558
8764155
0881799
3433195
7961170
8608685
6807552
5064094
5859513
0983411
4340711
3323155
5110262
5140440
1784004
1052270
0555780
3296050
9159444
6956671
7749917
0624751
9636352
3779413
1497644
5464424
5053877
2636168
5575031
4538410
3698270
7581202
7599260
3018072
8462953
8988332
6942297
2665209
3622612
8252676
3619836
1157512
3329235
8704853
2314532
4525335
7253963
5299628
2325043
3141833
1968499
8081493
2076391
8161137
1144913
3289709
0234268
0987938
6217508
6350362
1866121
8290405
1497921
6529938
5028516
8134057
1122587
0497221
0773641
7970332
8334809
5483099
7526171
2744753
2667973
9707744
9212947
8576190
4475810
1407806
8461846
8292342
4176879
9315599
9668974
4805788
0772465
1077181
4555148
2007587
3025911
3660534
2824914
1990571
8335386
8764273
4157669
8004699
0449347
4449299
5158555
5856192
8852937
2193982
7678868
2515856
8165390
8152483
2248114
5768182
2966883
0362699
1254758
7998471
2812910
5140786
1387574
7733866
5321208
9861780
2457521
9330927
1841986
7176605
2681324
0631438
6495992
0053722
0959985
0924283
0084764
7294156
9237644
8734384
4158776
7007122
0515548
5065261
6682524
4835201
4860206
8433344
7874803
8262683
7660300
1859962
4984599
8705025
9497336
4259670
8661065
4606781
8223600
0579754
3465582
5868858
3049688
3586702
0549121
1980448
5063620
1099029
2725616
9883650
6071902
9498860
2394182
3441255
4213805
9643159
1862676
1508850
2274626
6140987
4007920
3604097
0266687
1156336
2650542
3204376
9799477
3302853
1191923
8123572
2942251
0249579
6622683
3644759
3053248
1478316
0733009
0694875
9235562
9955911
1974804
2568363
8919070
3135875
2579870
3048149
6092725
5484780
6261104
9319654
2448867
7225162
6005088
0208612
0616076
1870767
5445610
9517928
4604380
5015985
1211938
1922486
1929059
2651088
1186098
1969244
4629646
1702121
2746936
1489586
8184588
2289459
3132452
6323908
0676172
4125019
7157997
4163377
7270588
4562277
3064393
1117017
1364488
0256848
3617707
5195474
3971321
8731596
1583326
2532426
8055556
1682748
9789169
6828554
7672074
8320509
1159293
2445858
1881247
9096814
1559784
4763606
4950151
7749229
0210845
2034421
6982095
8085142
5010781
4772336
7660892
0962492
3349699
1050835
3971984
3991982
6860725
5504226
4378237
3768679
0696768
4361234
4449564
3116934
9748592
1679266
2083779
8193582
7114902
8231732
6725408
8031646
0470567
8148973
8618756
7333491
3020848
3157634
6469391
9407173
7927035
9149094
2625538
4008527
9740532
9959347
4522709
7390709
7934828
0573154
1250366
4867338
6231066
7778284
8638171
3475865
7568733
8447189
0405078
5277407
8878956
2170368
7544629
7142536
4599237
7838889
4437466
0890245
6442981
7944460
0408999
9201420
8054089
1478360
4804897
3350355
0987983
0633284
0170356
3750888
8411266
0314235
9943204
2037256
5362543
4035833
7480529
8706039
0009970
0644557
5355707
0284691
6935690
8394281
0213432
6568004
4475301
1007879
3031651
3009469
6712811
2811422
4714836
9247717
1283589
8133559
1035677
3649788
5493924
6098488
5727360
5117085
8368290
2450590
4837578
9166549
2680758
4152890
2486867
3375206
4874541
9181844
7941646
2065387
6867556
0800466
7034824
1402492
6860809
3019540
5957733
5760523
6908188
6035002
6879108
4096000
7967467
4773957
0344691
0498860
9151428
2356276
7831018
2345620
6777700
0276013
3242011
2993362
2285729
4335808
3819296
1861435
0475880
3646427
2066138
1248930
8183877
9663547
7250497
7883438
4522056
7828761
5120713
6779063
1307099
2294979
6960714
3236172
7697169
3593093
8062829
3965194
3026791
2479749
6449005
5322550
7128180
0008801
6770932
0477179
8179699
3173531
1863251
7613289
9352895
1184182
3523421
6868424
8637205
3826355
5054624
5340083
5015654
0147745
5066339
7861964
0256082
6837157
3632664
1893062
8415438
7605631
1516307
5236434
8965170
0713225
3946698
6347953
2054012
3725311
1783452
3407052
2711716
8656610
0093313
5898053
8918786
0454275
8402099
4451831
9355216
3530887
1426855
4393733
3056990
2242548
4565530
9882343
0887126
8999673
1657817
2175216
2385950
6092924
0869534
1554564
6137833
1593075
0272228
0009509
5645738
1745757
1794835
7820902
3113386
8188112
7652621
5683721
2777304
0464268
5989407
5894568
0823388
9297001
6979156
2697872
7141441
1165736
6425493
8809922
6776860
3898508
9586981
2819780
6827796
5804701
7131627
0209189
6123950
9976403
0020541
0363625
2990452
4510032
8312329
9626861
4337935
0891823
6250408
2952564
4540577
7899986
4505685
5086359
1516897
1712161
2871130
7060507
4820817
4478854
2367433
2829391
4460847
6476512
7448163
7147069
5617443
1777552
8924790
8162183
2668464
2322832
2685584
4814615
4827204
5390343
7668189
8242129
0174011
7691328
7484393
7588852
9553262
2258966
7020348
1693406
7293853
6717290
3795812
9835689
2313835
5987065
2105857
4241533
5835412
9631612
0167362
8183433
4795901
7637020
1686060
1782263
8837274
1450623
8195043
1630614
7032336
4691374
6034423
7890147
4733220
7557765
2313403
0157565
1488926
3850868
6014943
2084488
8500498
0500225
3618856
1078240
1596189
6410673
9847659
9672818
4623905
8587055
6080187
2653308
2311828
5452044
6289969
6060871
3284100
6612824
2431046
1151566
2492721
0621014
2506604
3459395
2893015
8136899
9839176
0930764
3488351
0554355
5699446
0881359
5755086
1655507
2042372
9820212
2150663
2255051
5252474
2493230
2919631
9691743
6616969
8428425
8271650
7221138
1479019
0171965
8195255
3422542
9426372
5554559
0649091
3222043
3071583
4285149
9219182
1350644
2150867
4949437
1759629
3164182
0270249
2793894
0706120
2508358
6552603
3828290
1836502
9697478
8065190
2647929
2343043
6995319
0527187
0784478
9007619
4944138
1306125
8232952
5765639
5046692
6628878
4837554
0385265
7379516
1196711
8497478
1200662
6838287
7451393
4745576
9574641
1157305
2911907
7152401
8470718
3401525
6557807
7852356
7671150
1012384
0606654
5238786
9683547
3729250
1327796
2728777
7137394
1996530
6958178
2682886
7817317
3729926
1946424
4805443
7331210
1314086
0650415
4868928
4927084
5854107
1667697
3557795
4309414
8683069
5979620
2611786
2284814
8246967
2497775
2529216
7997171
5187362
7539794
3067738
6770882
0571866
3705576
3646851
9720068
1550737
3283941
8952814
8562205
3251613
5523172
8163457
3977162
5427899
2052209
7874688
9263206
9184118
8919336
8623209
9020284
8716754
4691503
5453074
5770502
6129544
9964824
8851492
3738415
5184377
2161319
7769785
0109290
9021138
5324788
2045809
9839885
6708961
9944723
0910986
9172392
1109901
8051043
8456706
7863093
5726551
6572096
6758406
1791716
8094669
2518057
9980587
4610946
9938941
2936901
0757813
6094908
5183651
4379945
3949317
5219164
0026549
8000260
6551873
0068087
0163938
1971511
6624142
4836408
8002234
0654038
0185164
0785545
7659769
4230967
1547656
7426968
0491531
4524632
1152848
9019182
6762285
1890917
1458365
9315016
7813535
9688327
6304752
9028338
2928822
7635259
5189138
1034725
3693917
9940032
4956394
0951372
7381211
3278116
5068885
4737609
7098577
0102408
2853451
4709298
7240916
7451259
4970624
8478174
1612435
9161957
2329497
6747518
0348431
9709254
5610641
9343030
9343494
3813788
8246879
7317034
5489164
2291735
5066939
5687554
5394258
4491906
0819521
5536463
9547542
1889506
7624063
7535390
1298032
4386338
5012571
4990198
1196386
3395550
2564648
4424923
6265745
1066686
7623271
2243537
9842129
8990069
3952403
0179098
0630825
1995773
9776368
4827225
6149072
5976814
6829476
0925522
8291018
9934594
1035651
0412281
9091375
5832264
6065907
7284227
8981344
9682908
2293724
4986531
7487326
2751895
3929658
0734630
5941261
1473474
2599767
5930337
9409065
4412769
1957646
1903602
1280315
0168967
9064152
5204431
8929346
8200716
5569985
8414257
2535147
2359453
1582426
0367488
3552037
4863871
2006582
9704258
2364678
9255621
6695567
5985224
3037914
8448411
1916088
5898109
8699384
3725476
5750029
2987052
8899402
7633753
0458181
1175396
6532268
4574115
7936507
8051577
7004152
4175218
0965829
6957108
5704656
5077408
5865774
6345349
1838089
7670915
1689503
3957418
9957768
1292038
5800312
9534163
3006737
0046979
5823069
6155486
5695701
4560895
2889235
1394531
8972973
3134486
9600867
5040701
5650590
0737405
6039911
6856439
4884285
9090275
7269268
2802331
6339986
6285740
0830909
8469170
8882899
8305187
3005440
5136961
5193809
9818476
7001395
5514856
1137432
2409808
4719598
2101229
9090174
6427927
1919294
9623940
0312323
3842829
5040143
8130541
5237268
4917846
2106898
8612212
9852865
2916384
9680854
8005716
8364048
9424671
6541234
1427987
6287493
8924004
2105717
3124614
5694110
7493034
9656047
5571873
0260156
3248048
5409979
3591340
7986347
2519388
4904600
9226734
2683080
1635973
2252906
7246947
6372441
0388854
5280933
0361658
2021880
7687190
3421430
9653071
8383231
7340945
0253511
9226078
1366890
5911373
4688232
6305216
4844476
1356790
2021785
2397926
9888281
8492972
0669626
4385647
3771960
8750374
8217623
8691190
4529884
7910374
0903719
3438228
8769150
6687473
8724017
5463302
4705680
1090228
9041487
0334735
8622969
6753542
5965920
5926915
4858889
5960350
8113952
8639623
1681359
5608099
7699413
7067409
0609977
3761308
6396463
0087323
9705980
7611112
0306962
7415696
1286433
7134933
7201577
2178592
6932912
8361789
4600342
3881278
5699266
4876417
6562197
7685150
2145010
1875938
1680720
5847931
3899115
4355803
7169424
5124419
2989647
3171927
3427401
7945422
3238988
6164240
0340875
4928338
5258945
3809654
9602801
0887533
1039919
9873534
3786205
3201891
2748541
6045132
3518508
5367439
5003575
7121985
3242076
2592299
3895553
7110974
0339309
8688354
2898491
4658112
2833146
9251994
2032805
9872649
6134657
5929458
9575672
1780813
8896499
3484599
4951753
9691904
1959522
6233451
7419238
9581136
0209821
0295210
5662431
3597855
2199654
5204769
9437033
4910967
4517561
4005999
0181031
6078500
9494804
7503283
6007555
5878275
3829076
7465846
1659850
3315267
2555485
4680561
2360261
4219112
8088639
0213601
9370533
2251002
0370528
7123145
5126187
7007975
8563417
1727750
9798633
1313585
8241232
6126003
5679252
2042117
0665772
9493674
5595458
8945817
3517230
7337094
1527083
4702349
0784734
5252298
7312203
2954246
0538113
3380851
0494472
4726905
3743853
4912510
2918088
1053632
7410189
2370159
9635815
8584306
1647392
3221883
8123974
1496847
4673106
3945211
9554778
5595293
6639987
2002576
4630943
9201785
3172428
5156246
2056526
9837620
6872447
8228697
8052014
6474067
3035685
0487016
9159830
3217726
4354597
4385456
7644176
1942151
1507140
1298349
6550217
0165738
5066362
9673534
7949162
2423679
0520843
3586031
8332372
2416894
6887636
0054331
5792007
1424278
1802314
3498177
7605181
3325127
6315955
6375025
9122751
5863512
7575964
8904324
8332626
7797154
0890054
5446469
6194733
6631853
0022623
9343123
4991727
1215169
2494433
3526323
6232762
0036706
6390339
3729503
0744058
3776037
7242248
8927533
2757522
3371478
7746936
2226099
8026570
7066489
9186378
0468559
3810990
3265316
9794309
8633275
2039794
4641131
7978618
7548491
6182004
7010713
1855334
5946101
6200796
3586918
0871582
1010540
7366533
7278083
9295506
1034841
2925414
0791208
8332990
9338533
2395486
9309539
7913706
2262073
8144564
5679445
7116903
3529183
7244603
6040633
0861745
7215819
5817880
6501942
1016379
3206139
9006145
8748538
1925474
5673063
2341144
8960365
1780549
0017861
9507329
9626171
4084555
6052818
6201601
7425211
5397606
2312436
0224418
4943794
3624571
7958645
9479328
5123116
4157633
8588529
0247332
0715498
4931554
8794046
9616311
3260566
6171590
0316462
9520848
4998364
6558471
2339673
0033627
0362429
8949975
4168578
9415873
2538015
4207632
6638117
6976499
4263095
6202894
6025618
6256323
6841814
1219420
2123360
0236564
2638853
6405028
6904703
3384876
1147559
7143279
8708792
6298092
7315510
8687177
7934662
1509123
5238321
3407114
2710444
5222653
5321424
4227808
6253835
3311434
7289966
9827037
8989432
3830095
1864020
8218456
7049806
6684560
0833486
7148352
2307538
1445159
7951885
5181538
8195401
6867314
2828763
8294006
2546224
3713754
2116309
7389607
3514644
0571731
6879389
9017423
4600392
5825101
9755193
1215646
8706824
1765894
0290053
6663155
0981664
7217266
4723941
8557481
6206690
8082762
6592102
9306629
7614734
8015290
8257538
1793662
3116912
7105335
1398223
0726065
6696022
3019096
4181620
1001429
5994552
2629279
0566634
4291842
6486645
0977721
3573785
0556956
2358371
9118484
6291280
4291559
7554857
5761996
4330756
9143113
0755352
9887783
7675459
5561298
7407700
0530731
0818183
3986886
1266976
0858449
0821414
0484973
7855004
0057876
2512292
0166856
6056082
3057029
5331425
5752704
3260221
7686463
7808083
4247622
0563899
5621832
7311590
1895085
4212723
9480236
7885791
0245030
8869260
9156975
3929176
6780865
9132060
3628064
5167646
6356636
9702914
2438351
5638681
1974332
9865802
2219820
6388253
8327950
4122182
8222315
8217412
9130087
0025720
8362534
0192208
1346816
0314786
0754777
0475154
5007277
3645654
9781435
1454861
1359347
7900440
6237477
7476716
3086078
5646636
1879790
7427818
3029980
2354149
9103639
0997635
5055330
4252592
3560881
2265772
4272385
2657111
3682217
9409826
4356737
2623034
7533575
9794158
2124223
1613919
9131550
9875529
3271882
9856474
6504242
6719449
0022861
6470240
8046874
7670528
7824936
0235412
0835196
4740699
6026555
9166845
9607792
5108088
6297319
3347184
6434828
4641939
5519761
4428111
6525484
1073353
2718799
0462907
7763870
6491262
7965229
3794135
4254119
4405598
2268520
2965611
8191107
0606797
8507042
4451813
5638670
2511304
4861865
6021109
9749477
4067093
6524236
1112860
3848783
6596867
3587286
9448656
9730713
8759636
6833239
0862075
3992788
6931708
4789351
1761555
7285668
1349796
7365270
9472064
3591147
2464810
6400693
3356122
9804228
7013319
0255838
0216539
8032228
6941779
6438583
7191990
9034888
7270832
6903346
5399798
6966872
5952098
9886516
3117333
8942581
8841372
7658084
3019507
1345925
7470235
3759719
0546805
7053696
9642068
5191459
7929932
0011178
7007198
0796751
2803919
0317422
7364098
6913212
5657799
2672019
1702933
8428416
0909919
2568299
5768693
6641148
2476893
8532218
2100003
3637625
4543323
0308046
8744506
4551253
2653744
9297048
5941326
4703052
5133941
7788288
1351121
5154265
2102296
8560055
8401892
3354283
0755709
1516410
2761920
1648370
5168984
4335179
1324711
1199271
0200195
6988450
0140028
2433683
8512490
5366631
2895033
1171051
0578814
3421181
1687692
2049372
8787160
1926712
1039800
8630918
9896149
9752899
7535692
8335620
8795226
4540633
6568689
6872446
2180439
6727295
1961496
4975814
5494716
0989515
6077823
0184087
1352632
3560146
7280025
1395510
8057066
6585594
1547705
9808640
7832778
2771255
3402328
6927746
8688557
1727147
8650087
3628272
5116643
1630907
4279734
7723044
9672255
2552741
9057375
3839016
7776397
6952035
8571305
7102658
0736061
4596098
5221286
4906924
5117244
4680134
2573630
8106238
6672363
9232980
4109784
1403035
7068625
5787018
8196051
5538897
0896234
3008207
4664328
9080024
6068473
7950335
0018498
6136483
7740311
2952299
8187265
8978951
0322777
5272326
6906352
8556717
9572714
1864582
9931671
1096354
7688861
0936414
3768488
1183454
1211106
2797059
8532975
3811150
9394815
0991933
8854383
3459563
9817654
8789003
8799623
9798874
5928449
9679456
5976358
9668875
1405467
8194925
2054337
2189327
7479110
4375544
6824436
4736574
9354894
1111192
2284676
9853275
5307163
3142539
8615460
1503872
1428423
7816290
6688172
9915229
2045318
6508505
9989469
8197921
2267209
4952159
4781915
8993009
9250099
0867904
5839410
3099132
5301441
3626885
2963977
0640732
1357897
9939821
2847182
7861997
7107019
8337071
9179327
3216676
2754619
5997644
9056551
3871628
3270292
9782792
7102078
0102199
7683424
9838795
3033380
2427131
3840006
1529489
5228875
2531927
3776550
7805412
2602081
5988630
6586245
1025697
7564785
3338005
8684680
0716727
4444365
7452658
4469902
1274257
4068791
2132876
5012851
0825537
8653172
5933185
4127283
1234443
5583444
7305089
1118060
0809113
2032879
3329785
0781363
8479173
5836904
6677812
3423869
7385669
2322395
6715870
3197537
4073657
7038498
1023093
8479828
4416810
3856647
6768145
0582205
6184986
9465192
0411617
3925336
9193393
9402357
4288410
0509838
1906232
3511261
3301829
2687938
9879153
4385945
1632979
6425224
6104092
5781671
9562779
8078630
2492593
1109721
1000775
2521002
3850670
9060388
5120486
2174317
5553276
3260701
9972881
6284382
0262997
8431583
9406635
5765237
8406809
7255030
5944052
4452270
1765322
8971690
6713655
2820957
4660044
1945861
0983774
4540553
3582839
0309005
1903881
3823296
6880590
0602836
4657390
3054352
4081803
7868053
8216454
5291471
7231957
7584250
0658508
9710769
3534719
7707601
2573394
6427760
5650019
0770476
2928533
0073485
1025745
8358750
4194198
0981986
2957273
2387080
8513667
6522108
5122382
8639353
1831248
5938147
0411374
7370426
5312987
8904732
6008221
5162256
6172202
0642876
3081168
1707053
6727436
8347570
1778479
4621005
5417911
1803231
7221296
3991917
6554159
1461196
0384483
0732340
4522878
0435343
9646596
5647718
1765228
8949655
8458879
6446075
9526250
1547811
9589393
6349515
9492483
3080792
7691012
5175561
7025974
0544604
0874516
2416503
2019955
0752469
7382258
8448848
4312554
8626620
9775118
4092806
4359152
9814196
2264573
8466795
7954135
5473612
0560028
2615744
2348797
5732878
3641576
6793742
4259489
2157452
8836619
9468932
7133800
3842459
7114980
5806927
4166378
3362129
4196776
8547533
1485441
8892732
5040368
7699689
5408843
6924825
3886388
6727006
4846264
3148381
7593322
2062916
4763047
4575574
7785376
3927018
6435111
7687461
5096816
7158574
9990937
5346325
2784808
2842333
9534234
9424101
1669610
3520457
2468665
3746217
9664356
1039608
5277375
3024413
7370279
8303079
7579481
4247783
5932635
9110354
1488029
6467311
8947061
5501763
4352695
2691104
2078352
6785484
2832524
1774674
5025837
1226089
8866673
9350062
4359142
9319515
8760190
5417924
5827155
9070669
9879202
7932258
3454808
3732680
0890450
5529625
0418178
0248695
1814872
7264089
8963217
2473631
5594057
6494632
4328627
5652305
3476462
6737780
6735451
9889927
6738584
2434036
4467329
5475876
2187492
7746290
9194027
2463557
3741324
0071501
4537444
3780305
6572257
1770971
2286323
6544798
8465545
1508574
8761410
1338677
3733913
0759747
0230531
7475905
7902591
7942566
1793574
5699741
7444896
1559457
1240868
6394190
4560182
7544875
6242041
6875572
0086776
9635001
4015331
8511741
4111360
6546303
2859283
7640790
4862555
8155456
1940228
7682394
7056132
7626656
7531687
9460838
2692802
0317678
5977561
7565633
2863388
4139790
1188842
7977648
7249309
0514387
9634255
2929353
1683900
9906357
3433164
9594223
8324735
4203930
4302020
8418567
6404878
1009630
5654552
0205254
0290681
1076215
9063590
0780998
5408505
8649167
2893992
8939815
5135127
2354080
1074848
6755171
0414148
5649911
7224194
0119105
2921615
5715348
0837293
9835970
8672608
2916376
7974488
3187985
2529904
3508049
5805184
6875151
6174021
1013389
8202735
2614862
4983984
3021046
2123821
6934195
0515216
6787911
9593700
0378905
8851215
7448945
9261225
1972018
2418877
1698847
9830695
6761495
2049923
7210486
7236966
2272930
2656149
9673184
2224617
2664761
2651899
1032264
3292794
9569363
4286626
6818190
7591971
5008217
4316898
3082351
8597185
4770196
8076446
8187154
3554749
0181589
6002656
9062843
3624594
8855134
8496480
1508159
9440633
7381035
0259576
7857101
5237757
3991023
4020905
0447591
5008188
5309315
9147188
5871908
6581743
7630938
1687771
1446375
9149068
5827258
9934076
5785648
6996962
2769386
5929138
3851304
2998441
6005610
9550217
5216486
3751906
9492316
1331191
4468029
1716429
9324387
1591778
6460303
6159451
1227688
4315248
6078415
7973997
6867158
1185428
0385624
9284798
2712144
4793126
4025654
2112158
2671486
4070498
4882427
4214716
8018300
0385840
1337634
2064491
6376881
8721610
9976521
7422740
2980605
2072884
7075209
8243878
8435976
5648721
1766596
4370178
5210750
4834041
7908525
3252792
2145943
2072813
5464364
2967357
2078824
9329473
6927943
8750687
1180002
0481630
0390157
0743777
5187914
6859836
3536478
0074176
3123314
6654963
1109510
7980208
1813146
9768496
5863667
7246854
1243890
0819789
1528483
1772447
9970768
1925675
4742115
5251809
9077381
9019259
0480815
9189284
7429460
0497705
2045940
2011962
3512279
7247935
3412442
3567574
6243368
0060870
1572264
4837147
7775368
3445015
8753782
8547499
9134374
5408801
7290729
0879330
5767847
9506014
3316938
2477154
6914155
6881154
0585377
5247495
8406751
9143467
8171469
9368252
8913380
8005395
2160559
6022027
4623878
4237273
4786085
1746780
1333570
2165801
6380002
1261425
0844241
8463564
7498758
7000378
1652825
9900977
4311272
7317714
8231128
7651331
5236736
2119738
4445580
7887574
5927245
0596789
6469060
4727264
3759006
1763974
3427121
2781900
2746760
0207770
3544019
0696514
4846298
8116472
1753815
2072492
4824764
9463114
8377252
2358956
8029476
3364613
5207252
9801109
2180814
8924425
7521272
5739983
6080992
5355446
0135264
8426545
4220307
4920989
5882509
8124738
5715082
5401434
1586608
9738479
0125644
0190341
4282129
1049597
4779724
7475518
2850481
9932054
4436010
8939386
4092469
5551316
0358338
6849993
0730490
0628695
2539652
4392238
6638199
8812964
6879671
7913695
2005671
2847224
3766681
5565007
0085092
0941291
3958289
7642121
7660607
3532899
6328155
7719019
1252906
7667710
1863665
3210431
0860024
8166288
5907602
3657670
4552410
1179157
3262130
4203659
6508320
9552718
7627903
7657433
5251993
6727752
7955004
2408225
9102250
9191676
3684655
6159335
3867016
9944443
0194529
8244288
1250310
8130927
9441782
0988455
2488078
3477125
3942206
6511904
7048544
1493827
0311240
8641039
4780205
5129671
8850924
4827507
3901141
2378142
6884225
7391237
6080903
5348528
8764637
6514228
8904353
1911294
0919201
8264304
5149185
8188976
0711996
6284225
9741004
6022272
6798366
7185545
3553281
8018821
4493625
6408437
1113508
1315806
6775498
7869893
1692823
0548720
1403690
0454115
7670988
1361617
2097744
5516683
1050523
8211212
4595742
6492534
0550324
8445163
5974312
3244050
8552735
0535729
1016184
1547445
9991957
0793853
5018239
6850476
6521119
4382630
7826725
5635876
6249404
5648070
7549357
3410489
1001814
3551444
9951904
0502106
0057746
5910336
2466916
8590851
1030530
6593554
5881627
7064129
8707868
9438511
1818882
3877075
5639437
7331471
2035382
7669523
7732886
0032904
3491383
1096589
7634529
8718299
0856952
3586748
0911335
1524450
4711573
5835430
8696264
3145397
7113509
5162359
0991526
7928925
3371151
2263473
4064283
0783675
7692221
5988807
0987794
9710560
5210676
2323732
9146864
9901406
7008774
7407653
4649126
6912465
0739845
9466206
9498628
9395746
2745503
3947796
5698343
2831376
3266281
4114532
0855035
2392938
4242023
3534316
6723573
0755065
2291050
5350115
7913991
4077259
3186360
8109531
7545030
2505669
0309423
2433268
9723488
9772552
9382533
8285622
1433858
4162825
8067899
1978404
4790473
6638545
0375652
6354790
5958295
3394452
2358584
9522992
3105904
8123364
9996782
7728322
6223569
3030520
1156504
8983813
5968447
6845093
7896888
3935660
6888480
6680471
9020831
6097201
0433655
6711108
3447728
8571897
2769973
1939518
3680766
7419671
7964086
3250375
4821733
4789771
7285520
0191231
4081565
1795691
2979602
8031687
0177046
7492432
1938581
6229794
5346449
5826466
2867082
8990605
8404375
0805653
1712763
5678988
5228342
7997139
8629900
9447634
2571805
1627786
8126454
5952874
1904702
1875280
9256814
6910712
6727590
1821046
1198275
6809331
6858179
3089303
2839390
3277511
2648577
7550951
4567982
5154454
6332808
8349799
9792957
0326101
0232187
1433394
1727851
2893252
2547995
9293539
0291857
8046476
7671356
5135089
9248972
0029694
1223552
1270614
5087508
8681682
5557133
8982937
1464125
2548714
9077258
4792125
3559373
7350428
5149149
4794695
9830959
3426330
4505301
5140519
3602916
0622528
9290408
9742360
6322729
5857472
7913667
6185825
8410927
1929295
9361810
5721517
9113821
0643794
7157436
2354153
0594405
8219734
5466461
3306157
7506689
4836535
0078849
7394296
2646891
7941731
3974142
6552384
2891409
3334774
4408634
5797711
9646494
7235346
9047309
2232957
6582846
2181868
1017160
3637633
6457663
6989977
7686260
0970683
0124846
6930513
3578852
2522334
0453534
1355567
7328413
4965629
5277760
2004278
5838911
4855666
3287606
2297797
7294357
0908074
2890861
3690633
3918747
5446791
4107441
0696831
2824722
7145317
6552327
8487634
3359923
4265441
1860104
3841644
1370108
7252338
1850532
5186539
3715700
7576482
6825210
5003628
4379241
6483297
0947202
7373541
8385062
7922383
8949137
4014153
6351798
4645717
4249268
2921039
7012792
1396919
0172941
4086274
9637524
4113718
8341941
8012481
0453834
5064142
8198221
6000105
0901583
5942769
4079188
4200670
0975853
6045413
5253812
3922626
8614178
7162188
9076464
6263829
7822931
2095774
1789426
0799556
0503404
8609147
2478380
5415094
1169996
9175647
6997951
9063061
3832692
1588425
9541091
8485867
9134831
1462997
6454229
1571091
8150171
9527360
2542259
7859991
5656787
4986273
3233462
6858930
1728212
9484229
2597313
2128789
3037366
4781778
6799316
7806439
7685618
3632753
7591546
4827797
7902469
1229060
4716892
1402324
3241444
9633666
5066950
3235670
7710898
8027016
6718483
8281442
3809462
4741345
3628826
4919638
7134573
5901117
9450073
2312741
9749017
5812616
2775676
7771675
2636343
7751890
3379160
3250325
4068400
9298182
3392482
0855842
0754778
6152885
2414180
5271110
9881010
8746785
7585962
5789491
8617637
2341797
6045441
9355830
0092874
1516165
2661768
0444875
9236764
3919906
1964370
7803896
4453683
2188094
7100646
6042517
2846473
5871835
1792039
7347879
7484996
4133997
2055178
4432980
8019054
9530475
8086035
4645241
8802590
0362061
5157078
9482286
7350532
8736244
4388548
9784935
4644469
3030109
9270774
6713281
9246684
0275039
3992352
8107196
1756798
6645283
3933330
2194609
1033326
7651381
0361984
0494020
5147029
6669612
6364245
8705245
6021881
9149068
8384032
1692614
9990630
2729787
1286048
8999428
4150532
4360762
5925989
7056347
7073203
0659215
2704795
2122260
1256514
0640465
3253864
6811901
9174884
3533756
6781347
3042533
9125629
6518642
1410872
4758380
4621884
8140899
9503876
8982195
9962757
7417748
4889487
5681291
5030393
5972579
7289533
4332427
5261029
5541597
7828487
2938479
1489821
2884474
3667337
1550130
8287339
7253406
5129411
9273793
6497656
7685308
2406051
4087292
5029622
8839993
9536946
1475031
6482653
5981335
3402749
9208277
2565578
6562766
2158525
8729694
5299236
6639608
1621905
0458471
7105168
1133281
7020229
8091064
7215535
6808993
4853755
0174732
0181120
1512160
6073336
0944542
1391556
8595435
9045213
3818727
9906768
5706671
8846970
6948474
2733555
1294875
8264250
6403723
8347364
1704121
9457656
8994274
1757325
0720883
8616528
7405233
7596556
6433911
2830380
1458532
9960510
6653028
4671984
1119506
8274870
8694032
8674167
8002147
0814831
9332924
0735873
5138774
6761101
4942242
8118143
4201545
9513742
6931186
8986342
2148627
7703838
1480394
3079960
4479531
8656663
2950042
8249621
4874455
7975247
3129290
7543519
0778969
2546849
0402479
5704709
1318403
1777061
4871205
6750629
4294203
9338830
7496869
3374780
3454985
5744921
1879975
3459738
